# Region          : all region0
# Cells           : 7500
# Volume          : 2.6000000000e-01
# Time            	average(p)
0.0175012         	1.6542353699e+05
0.0175026         	1.6542316692e+05
0.0175044         	1.6542316953e+05
0.0175064         	1.6542333488e+05
0.0175089         	1.6542359839e+05
0.0175119         	1.6542395267e+05
0.0175155         	1.6542440426e+05
0.0175198         	1.6542497738e+05
0.017525          	1.6542569635e+05
0.0175312         	1.6542660381e+05
0.0175386         	1.6542777072e+05
0.0175475         	1.6542920926e+05
0.0175582         	1.6543053500e+05
0.0175711         	1.6543180678e+05
0.0175865         	1.6543271079e+05
0.0176049         	1.6543273295e+05
0.0176271         	1.6543109758e+05
0.0176537         	1.6542696837e+05
0.0176859         	1.6542009795e+05
0.0177244         	1.6541151019e+05
0.01777           	1.6540324021e+05
0.0178218         	1.6539679915e+05
0.0178763         	1.6539258693e+05
0.0179268         	1.6539062167e+05
0.017975          	1.6539068805e+05
0.0180211         	1.6539154552e+05
0.018066          	1.6539239388e+05
0.018111          	1.6539286446e+05
0.018156          	1.6539320167e+05
0.0181999         	1.6539368789e+05
0.0182438         	1.6539307246e+05
0.0182877         	1.6539106412e+05
0.0183328         	1.6538731753e+05
0.0183778         	1.6538175162e+05
0.0184229         	1.6537411717e+05
0.018468          	1.6536445007e+05
0.018513          	1.6535263517e+05
0.0185581         	1.6533819287e+05
0.0186031         	1.6532130322e+05
0.0186482         	1.6530120984e+05
0.0186933         	1.6527752472e+05
0.0187383         	1.6525039301e+05
0.0187834         	1.6522056005e+05
0.0188284         	1.6518760806e+05
0.0188735         	1.6515100259e+05
0.0189186         	1.6511059373e+05
0.0189636         	1.6506649736e+05
0.0190087         	1.6501859378e+05
0.0190537         	1.6496665418e+05
0.0190988         	1.6491056291e+05
0.0191439         	1.6485044463e+05
0.0191889         	1.6478639757e+05
0.019234          	1.6471840042e+05
0.019279          	1.6464662372e+05
0.0193241         	1.6457093178e+05
0.0193692         	1.6449070412e+05
0.0194142         	1.6440565633e+05
0.0194593         	1.6431654117e+05
0.0195043         	1.6422353230e+05
0.0195494         	1.6412728262e+05
0.0195945         	1.6403508686e+05
0.0196395         	1.6396036924e+05
0.0196846         	1.6391561927e+05
0.0197296         	1.6389904049e+05
0.0197747         	1.6389961474e+05
0.0198198         	1.6390865717e+05
0.0198648         	1.6392244588e+05
0.0199099         	1.6394012453e+05
0.0199549         	1.6396222273e+05
0.02              	1.6398889730e+05
0.0200481         	1.6402250448e+05
0.0200952         	1.6406313360e+05
0.0201424         	1.6411233512e+05
0.0201895         	1.6417122691e+05
0.0202367         	1.6424104009e+05
0.0202838         	1.6432303047e+05
0.020331          	1.6441876666e+05
0.0203781         	1.6453000840e+05
0.0204253         	1.6465811004e+05
0.0204724         	1.6480403208e+05
0.0205196         	1.6496942114e+05
0.0205668         	1.6515488822e+05
0.0206139         	1.6536012371e+05
0.0206611         	1.6558516353e+05
0.0207082         	1.6583062034e+05
0.0207554         	1.6609569112e+05
0.0208025         	1.6638059725e+05
0.0208497         	1.6668668952e+05
0.0208968         	1.6701359888e+05
0.020944          	1.6736425130e+05
0.0209911         	1.6773990258e+05
0.0210398         	1.6815399965e+05
0.0210869         	1.6858088182e+05
0.021134          	1.6903165494e+05
0.0211828         	1.6952437426e+05
0.0212298         	1.7002596277e+05
0.0212787         	1.7057302482e+05
0.0213257         	1.7112452583e+05
0.0213746         	1.7172482375e+05
0.0214235         	1.7235032954e+05
0.0214725         	1.7300860554e+05
0.0215214         	1.7369507955e+05
0.0215703         	1.7440801640e+05
0.0216192         	1.7514149678e+05
0.0216682         	1.7589229204e+05
0.0217171         	1.7666369369e+05
0.021766          	1.7745651957e+05
0.021815          	1.7826488641e+05
0.0218639         	1.7908295843e+05
0.0219128         	1.7991198952e+05
0.0219618         	1.8075223754e+05
0.0220107         	1.8160422659e+05
0.0220596         	1.8246125918e+05
0.0221086         	1.8332095382e+05
0.0221575         	1.8417303055e+05
0.0222064         	1.8502266087e+05
0.0222553         	1.8587331518e+05
0.0223043         	1.8672887066e+05
0.0223532         	1.8758499045e+05
0.0224021         	1.8842524789e+05
0.0224511         	1.8925537062e+05
0.0225            	1.9008187116e+05
0.0225472         	1.9087692930e+05
0.0225943         	1.9167022662e+05
0.0226415         	1.9246331997e+05
0.0226887         	1.9325092366e+05
0.0227358         	1.9402747892e+05
0.022783          	1.9479125575e+05
0.0228302         	1.9554093403e+05
0.0228764         	1.9626353203e+05
0.0229225         	1.9698760948e+05
0.0229687         	1.9771438200e+05
0.0230149         	1.9843506664e+05
0.023061          	1.9913883806e+05
0.0231072         	1.9983399738e+05
0.0231534         	2.0052761822e+05
0.0231995         	2.0120944829e+05
0.0232457         	2.0188060506e+05
0.0232919         	2.0253976063e+05
0.023338          	2.0320140878e+05
0.0233842         	2.0386006285e+05
0.0234303         	2.0451904309e+05
0.0234765         	2.0517663837e+05
0.0235227         	2.0583108910e+05
0.0235688         	2.0647896642e+05
0.023615          	2.0712502308e+05
0.0236612         	2.0777281601e+05
0.023709          	2.0844952086e+05
0.0237568         	2.0911484063e+05
0.0238046         	2.0977520831e+05
0.0238524         	2.1043129817e+05
0.0239003         	2.1108501427e+05
0.0239481         	2.1172929161e+05
0.0239959         	2.1236366993e+05
0.0240437         	2.1300074819e+05
0.0240915         	2.1363584646e+05
0.0241393         	2.1426835593e+05
0.02419           	2.1493412277e+05
0.0242406         	2.1559563093e+05
0.0242912         	2.1624047310e+05
0.0243418         	2.1687321649e+05
0.0243925         	2.1749246428e+05
0.0244431         	2.1809620115e+05
0.0244937         	2.1869305480e+05
0.0245444         	2.1927829460e+05
0.024595          	2.1985279553e+05
0.0246456         	2.2041575358e+05
0.0246962         	2.2096408568e+05
0.0247469         	2.2149549997e+05
0.0247975         	2.2201356001e+05
0.0248481         	2.2251269724e+05
0.0248987         	2.2299610064e+05
0.0249494         	2.2346879873e+05
0.025             	2.2392884611e+05
0.0250543         	2.2440325768e+05
0.0251075         	2.2484940614e+05
0.0251607         	2.2527983949e+05
0.0252138         	2.2568945013e+05
0.025267          	2.2608583923e+05
0.0253202         	2.2646091477e+05
0.0253733         	2.2681899497e+05
0.0254265         	2.2715748913e+05
0.0254797         	2.2748541475e+05
0.0255328         	2.2779749953e+05
0.025586          	2.2809361457e+05
0.0256392         	2.2837575038e+05
0.0256923         	2.2864387329e+05
0.0257455         	2.2889385154e+05
0.0257987         	2.2912987216e+05
0.0258518         	2.2935817125e+05
0.025905          	2.2958101338e+05
0.0259582         	2.2979478454e+05
0.0260113         	2.3000132007e+05
0.0260627         	2.3019606818e+05
0.026114          	2.3038303509e+05
0.0261653         	2.3055982821e+05
0.0262167         	2.3072750781e+05
0.026268          	2.3088777082e+05
0.0263193         	2.3103824517e+05
0.0263707         	2.3118285296e+05
0.026422          	2.3132524056e+05
0.0264733         	2.3146489677e+05
0.0265247         	2.3160467961e+05
0.026576          	2.3174595768e+05
0.0266273         	2.3188521917e+05
0.0266787         	2.3202320105e+05
0.02673           	2.3215641310e+05
0.0267813         	2.3228197901e+05
0.0268327         	2.3240566364e+05
0.026884          	2.3252823425e+05
0.0269353         	2.3265101658e+05
0.0269867         	2.3277643718e+05
0.027038          	2.3290031383e+05
0.0270893         	2.3302224387e+05
0.0271407         	2.3314237771e+05
0.027192          	2.3325890457e+05
0.0272433         	2.3337464988e+05
0.0272947         	2.3349198859e+05
0.027346          	2.3360783221e+05
0.0273973         	2.3372351332e+05
0.0274487         	2.3383755948e+05
0.0275            	2.3395424061e+05
0.027549          	2.3406826015e+05
0.027598          	2.3418162941e+05
0.0276471         	2.3429515356e+05
0.0276961         	2.3441290435e+05
0.0277451         	2.3453186978e+05
0.0277941         	2.3464999666e+05
0.0278431         	2.3477165220e+05
0.0278922         	2.3489652596e+05
0.0279412         	2.3502329310e+05
0.0279902         	2.3515343725e+05
0.0280392         	2.3528238603e+05
0.0280882         	2.3541165870e+05
0.0281373         	2.3554335997e+05
0.0281863         	2.3567761885e+05
0.0282353         	2.3581283601e+05
0.0282843         	2.3594785257e+05
0.028332          	2.3608513591e+05
0.0283796         	2.3622600667e+05
0.0284273         	2.3636867602e+05
0.0284749         	2.3651686579e+05
0.0285226         	2.3667199696e+05
0.0285703         	2.3683102003e+05
0.0286179         	2.3700084432e+05
0.0286656         	2.3717676446e+05
0.0287132         	2.3735889620e+05
0.0287609         	2.3754687743e+05
0.0288086         	2.3773869338e+05
0.0288562         	2.3793728087e+05
0.0289039         	2.3814232891e+05
0.0289515         	2.3835706842e+05
0.0289992         	2.3857955437e+05
0.0290468         	2.3880680585e+05
0.0290945         	2.3903834575e+05
0.0291422         	2.3927394860e+05
0.0291898         	2.3951405617e+05
0.0292375         	2.3976449059e+05
0.0292851         	2.4002117737e+05
0.0293328         	2.4027966296e+05
0.0293804         	2.4054590982e+05
0.0294281         	2.4081690047e+05
0.0294758         	2.4109028265e+05
0.0295234         	2.4136348919e+05
0.0295711         	2.4163393304e+05
0.0296187         	2.4190130525e+05
0.0296664         	2.4216591566e+05
0.0297141         	2.4242483888e+05
0.0297617         	2.4268517373e+05
0.0298094         	2.4294507628e+05
0.029857          	2.4319815580e+05
0.0299047         	2.4344253532e+05
0.0299523         	2.4368302931e+05
0.03              	2.4391947869e+05
0.03005           	2.4416299488e+05
0.0301            	2.4440421106e+05
0.03015           	2.4463857376e+05
0.0302            	2.4486418858e+05
0.03025           	2.4507678595e+05
0.0303            	2.4527586545e+05
0.03035           	2.4546407979e+05
0.0304            	2.4564263100e+05
0.03045           	2.4581444835e+05
0.0305            	2.4597973095e+05
0.0305513         	2.4613809231e+05
0.0306026         	2.4628594348e+05
0.0306538         	2.4642415168e+05
0.0307051         	2.4655209053e+05
0.0307564         	2.4666857309e+05
0.0308092         	2.4678007693e+05
0.0308605         	2.4687831781e+05
0.0309117         	2.4697161863e+05
0.030963          	2.4705813447e+05
0.0310142         	2.4713803787e+05
0.0310654         	2.4721017419e+05
0.0311167         	2.4727747181e+05
0.0311679         	2.4734388774e+05
0.0312191         	2.4739863415e+05
0.0312704         	2.4744376136e+05
0.0313216         	2.4748082113e+05
0.0313728         	2.4751168772e+05
0.0314241         	2.4753574873e+05
0.0314753         	2.4755557443e+05
0.0315265         	2.4756820102e+05
0.0315778         	2.4757830734e+05
0.031629          	2.4758790445e+05
0.0316802         	2.4759071049e+05
0.0317315         	2.4758861149e+05
0.0317827         	2.4758771539e+05
0.0318339         	2.4758387217e+05
0.0318852         	2.4757432750e+05
0.0319364         	2.4756361417e+05
0.0319877         	2.4755082541e+05
0.0320389         	2.4753408100e+05
0.0320901         	2.4750880974e+05
0.0321414         	2.4747869901e+05
0.0321926         	2.4744836158e+05
0.0322438         	2.4741545039e+05
0.0322951         	2.4737995066e+05
0.0323463         	2.4734060987e+05
0.0323975         	2.4730242460e+05
0.0324488         	2.4726488788e+05
0.0325            	2.4722739410e+05
0.03255           	2.4719188767e+05
0.0326            	2.4715770245e+05
0.03265           	2.4712455474e+05
0.0327            	2.4709288444e+05
0.03275           	2.4705979382e+05
0.0328            	2.4702710095e+05
0.03285           	2.4699891138e+05
0.0329            	2.4697100351e+05
0.0329488         	2.4694734878e+05
0.0329977         	2.4692844872e+05
0.0330465         	2.4691560935e+05
0.0330953         	2.4690563465e+05
0.0331442         	2.4689843516e+05
0.0331943         	2.4689171636e+05
0.0332431         	2.4688987542e+05
0.0332919         	2.4689263735e+05
0.0333422         	2.4689868206e+05
0.0333909         	2.4690713487e+05
0.0334397         	2.4692024410e+05
0.0334885         	2.4693766293e+05
0.0335372         	2.4695864320e+05
0.033586          	2.4698188392e+05
0.0336347         	2.4700961138e+05
0.0336835         	2.4704058838e+05
0.0337305         	2.4707602658e+05
0.0337793         	2.4711722970e+05
0.0338263         	2.4716437056e+05
0.0338732         	2.4721762931e+05
0.0339202         	2.4727532607e+05
0.0339671         	2.4733251398e+05
0.0340141         	2.4739009544e+05
0.034061          	2.4745217435e+05
0.034108          	2.4751968830e+05
0.0341549         	2.4759163245e+05
0.0342019         	2.4766609826e+05
0.0342488         	2.4774191423e+05
0.0342958         	2.4782109074e+05
0.0343427         	2.4790267755e+05
0.0343897         	2.4798534245e+05
0.0344366         	2.4807235031e+05
0.0344836         	2.4816685808e+05
0.0345305         	2.4826666751e+05
0.0345775         	2.4836959935e+05
0.0346197         	2.4846583583e+05
0.0346673         	2.4857185616e+05
0.0347088         	2.4866835855e+05
0.0347574         	2.4877556923e+05
0.0348059         	2.4888166519e+05
0.0348544         	2.4898759678e+05
0.0349029         	2.4909608405e+05
0.0349515         	2.4920422193e+05
0.035             	2.4931091681e+05
0.035041          	2.4940763097e+05
0.0350834         	2.4950891641e+05
0.0351258         	2.4961144499e+05
0.0351682         	2.4971357154e+05
0.0352106         	2.4981473871e+05
0.035253          	2.4991577012e+05
0.0352954         	2.5001540698e+05
0.0353378         	2.5011448245e+05
0.0353802         	2.5021254909e+05
0.0354217         	2.5030680933e+05
0.0354633         	2.5040079937e+05
0.0355049         	2.5049249103e+05
0.0355464         	2.5057871991e+05
0.0355871         	2.5066203696e+05
0.0356278         	2.5074194154e+05
0.0356677         	2.5081813098e+05
0.0357075         	2.5089134367e+05
0.0357465         	2.5096010283e+05
0.0357854         	2.5102574752e+05
0.0358244         	2.5108787816e+05
0.0358634         	2.5114697213e+05
0.0359014         	2.5120136147e+05
0.0359395         	2.5124989215e+05
0.0359775         	2.5129332529e+05
0.0360156         	2.5133150050e+05
0.0360527         	2.5136433938e+05
0.0360889         	2.5139116749e+05
0.0361251         	2.5141467316e+05
0.0361613         	2.5143751147e+05
0.0361974         	2.5145774721e+05
0.0362336         	2.5147524978e+05
0.0362698         	2.5148871287e+05
0.036306          	2.5149819968e+05
0.0363411         	2.5150689526e+05
0.0363762         	2.5151321262e+05
0.0364103         	2.5151655610e+05
0.0364443         	2.5151571511e+05
0.0364784         	2.5151030544e+05
0.0365124         	2.5150128640e+05
0.0365465         	2.5148894702e+05
0.0365805         	2.5147309997e+05
0.0366146         	2.5145552739e+05
0.0366474         	2.5143917529e+05
0.0366815         	2.5142118683e+05
0.0367171         	2.5139856524e+05
0.0367511         	2.5137554656e+05
0.0367852         	2.5135190608e+05
0.0368192         	2.5132812131e+05
0.0368516         	2.5130631110e+05
0.036884          	2.5128423194e+05
0.0369183         	2.5125843736e+05
0.0369506         	2.5123384354e+05
0.0369849         	2.5120446250e+05
0.0370193         	2.5117370595e+05
0.0370536         	2.5113967561e+05
0.0370879         	2.5110372587e+05
0.0371223         	2.5106536790e+05
0.0371566         	2.5102542995e+05
0.037191          	2.5098275343e+05
0.0372253         	2.5093747000e+05
0.0372596         	2.5089112814e+05
0.037294          	2.5084312539e+05
0.0373283         	2.5079443846e+05
0.0373626         	2.5074537083e+05
0.037397          	2.5069623064e+05
0.0374313         	2.5064562125e+05
0.0374657         	2.5059378848e+05
0.0375            	2.5054018258e+05
0.0375338         	2.5048564876e+05
0.0375676         	2.5043028960e+05
0.0376014         	2.5037486193e+05
0.0376351         	2.5031895710e+05
0.0376689         	2.5026295763e+05
0.0377027         	2.5020722240e+05
0.0377365         	2.5015247301e+05
0.0377698         	2.5010119775e+05
0.0378031         	2.5005050156e+05
0.0378359         	2.4999866783e+05
0.0378686         	2.4994522868e+05
0.0379009         	2.4989318391e+05
0.0379337         	2.4983931676e+05
0.0379665         	2.4978683913e+05
0.0379999         	2.4973569435e+05
0.0380327         	2.4968520875e+05
0.0380654         	2.4963377305e+05
0.0380982         	2.4958229880e+05
0.0381305         	2.4953354997e+05
0.0381622         	2.4948712521e+05
0.0381938         	2.4944130641e+05
0.0382261         	2.4939331034e+05
0.0382578         	2.4934606107e+05
0.0382894         	2.4929917410e+05
0.0383205         	2.4925492047e+05
0.0383516         	2.4921217709e+05
0.0383833         	2.4916777626e+05
0.038415          	2.4912307655e+05
0.0384474         	2.4907620917e+05
0.0384797         	2.4902986056e+05
0.0385114         	2.4898494963e+05
0.0385424         	2.4894356092e+05
0.0385748         	2.4890095983e+05
0.0386072         	2.4885862695e+05
0.0386389         	2.4881900806e+05
0.0386705         	2.4878149198e+05
0.0387022         	2.4874534958e+05
0.0387338         	2.4871144401e+05
0.0387655         	2.4867998325e+05
0.038798          	2.4864819069e+05
0.0388296         	2.4861946733e+05
0.0388612         	2.4859249791e+05
0.0388929         	2.4856756687e+05
0.0389236         	2.4854509253e+05
0.0389553         	2.4852147529e+05
0.0389869         	2.4849866802e+05
0.0390196         	2.4847502142e+05
0.0390512         	2.4845449795e+05
0.039084          	2.4843203457e+05
0.0391155         	2.4841147006e+05
0.0391471         	2.4839139782e+05
0.0391787         	2.4837231357e+05
0.0392103         	2.4835421332e+05
0.0392419         	2.4833679647e+05
0.0392735         	2.4831929265e+05
0.0393051         	2.4830318100e+05
0.0393367         	2.4828783183e+05
0.0393682         	2.4827424128e+05
0.0393998         	2.4826039760e+05
0.0394314         	2.4824597532e+05
0.039463          	2.4823172834e+05
0.0394946         	2.4821699168e+05
0.0395262         	2.4820320447e+05
0.0395578         	2.4819120107e+05
0.0395894         	2.4818011998e+05
0.0396209         	2.4817043109e+05
0.0396525         	2.4816089196e+05
0.0396841         	2.4815223659e+05
0.0397157         	2.4814370765e+05
0.0397473         	2.4813577650e+05
0.0397789         	2.4812700004e+05
0.0398105         	2.4811715486e+05
0.0398421         	2.4810674628e+05
0.0398736         	2.4809558361e+05
0.0399052         	2.4808413334e+05
0.0399368         	2.4807341248e+05
0.0399684         	2.4806252592e+05
0.04              	2.4805325520e+05
0.0400298         	2.4804649282e+05
0.0400606         	2.4803905911e+05
0.0400919         	2.4803115602e+05
0.0401224         	2.4802296479e+05
0.0401525         	2.4801198628e+05
0.0401822         	2.4800120991e+05
0.0402123         	2.4798986273e+05
0.0402428         	2.4797700321e+05
0.0402733         	2.4796165537e+05
0.0403038         	2.4794494042e+05
0.0403343         	2.4792653189e+05
0.040364          	2.4790928470e+05
0.0403937         	2.4789277350e+05
0.0404233         	2.4787691851e+05
0.0404534         	2.4786005253e+05
0.0404831         	2.4784350603e+05
0.0405132         	2.4782653405e+05
0.0405433         	2.4780891917e+05
0.0405739         	2.4778879387e+05
0.0406044         	2.4776775068e+05
0.0406345         	2.4774623849e+05
0.0406641         	2.4772395779e+05
0.0406937         	2.4770092737e+05
0.0407234         	2.4767800969e+05
0.0407535         	2.4765303188e+05
0.0407836         	2.4762665351e+05
0.0408137         	2.4759815682e+05
0.0408433         	2.4757007663e+05
0.0408734         	2.4754034274e+05
0.0409035         	2.4751028078e+05
0.0409331         	2.4748022342e+05
0.0409616         	2.4745170534e+05
0.0409906         	2.4742078429e+05
0.0410196         	2.4738971077e+05
0.0410487         	2.4735685314e+05
0.0410777         	2.4732337868e+05
0.0411067         	2.4728909256e+05
0.0411357         	2.4725222259e+05
0.0411648         	2.4721297125e+05
0.0411938         	2.4717377633e+05
0.0412222         	2.4713673033e+05
0.0412512         	2.4709640627e+05
0.0412803         	2.4705442905e+05
0.0413093         	2.4701103223e+05
0.0413377         	2.4696940826e+05
0.041366          	2.4692568914e+05
0.0413944         	2.4688092056e+05
0.0414227         	2.4683578242e+05
0.0414511         	2.4678922870e+05
0.0414794         	2.4674191539e+05
0.041507          	2.4669594163e+05
0.0415354         	2.4664654664e+05
0.0415637         	2.4659544967e+05
0.0415921         	2.4654416266e+05
0.0416196         	2.4649515637e+05
0.0416463         	2.4644882247e+05
0.0416738         	2.4639993435e+05
0.0417005         	2.4635316082e+05
0.0417281         	2.4630165358e+05
0.0417556         	2.4624751064e+05
0.0417843         	2.4618851669e+05
0.0418118         	2.4613070467e+05
0.0418393         	2.4607216679e+05
0.0418657         	2.4601673460e+05
0.0418933         	2.4595815061e+05
0.0419209         	2.4589857548e+05
0.0419472         	2.4584249651e+05
0.0419735         	2.4578695752e+05
0.0419999         	2.4573080696e+05
0.0420262         	2.4567596463e+05
0.0420525         	2.4561984176e+05
0.0420788         	2.4556295617e+05
0.0421052         	2.4550545626e+05
0.0421334         	2.4543981710e+05
0.0421595         	2.4537998218e+05
0.0421857         	2.4532004301e+05
0.0422143         	2.4525324983e+05
0.0422429         	2.4518681311e+05
0.0422686         	2.4512938016e+05
0.0422943         	2.4507235314e+05
0.04232           	2.4501547735e+05
0.0423457         	2.4495921012e+05
0.0423714         	2.4490269289e+05
0.0423971         	2.4484456075e+05
0.0424229         	2.4478604988e+05
0.0424486         	2.4472827854e+05
0.0424743         	2.4467076908e+05
0.0425            	2.4461535457e+05
0.0425275         	2.4455498722e+05
0.0425541         	2.4449860698e+05
0.0425806         	2.4444144089e+05
0.0426072         	2.4438222542e+05
0.0426335         	2.4432305731e+05
0.0426604         	2.4426143052e+05
0.0426873         	2.4419940867e+05
0.0427136         	2.4413806340e+05
0.0427399         	2.4407719958e+05
0.0427662         	2.4401576837e+05
0.0427924         	2.4395414806e+05
0.0428187         	2.4389205135e+05
0.042845          	2.4383156103e+05
0.0428713         	2.4377055832e+05
0.0428976         	2.4370832415e+05
0.0429238         	2.4364453941e+05
0.0429498         	2.4358162692e+05
0.0429761         	2.4351970019e+05
0.0430024         	2.4345697606e+05
0.043029          	2.4339325416e+05
0.0430556         	2.4332923052e+05
0.0430819         	2.4326506179e+05
0.0431082         	2.4320007209e+05
0.0431341         	2.4313805706e+05
0.0431611         	2.4307412942e+05
0.0431882         	2.4300955003e+05
0.0432144         	2.4294708914e+05
0.0432407         	2.4288435548e+05
0.0432658         	2.4282758142e+05
0.0432913         	2.4277053208e+05
0.0433168         	2.4271457528e+05
0.0433427         	2.4265600883e+05
0.0433682         	2.4259881601e+05
0.0433937         	2.4254130274e+05
0.0434192         	2.4248503906e+05
0.0434451         	2.4242752783e+05
0.043471          	2.4237062186e+05
0.043497          	2.4231504999e+05
0.0435229         	2.4225904500e+05
0.0435502         	2.4219657196e+05
0.0435766         	2.4213636147e+05
0.0436029         	2.4207437692e+05
0.0436288         	2.4201306013e+05
0.0436547         	2.4195192139e+05
0.0436806         	2.4189187083e+05
0.0437064         	2.4183176484e+05
0.0437323         	2.4177178586e+05
0.0437577         	2.4171375374e+05
0.043783          	2.4165522415e+05
0.0438084         	2.4159658719e+05
0.0438337         	2.4153798005e+05
0.0438591         	2.4147957591e+05
0.0438844         	2.4142060343e+05
0.0439098         	2.4136181166e+05
0.0439364         	2.4129955785e+05
0.043963          	2.4123715630e+05
0.0439896         	2.4117382379e+05
0.0440155         	2.4111360655e+05
0.0440407         	2.4105625279e+05
0.044066          	2.4100008989e+05
0.0440919         	2.4094248254e+05
0.0441178         	2.4088548089e+05
0.0441438         	2.4082822081e+05
0.0441697         	2.4077167113e+05
0.0441957         	2.4071448877e+05
0.0442216         	2.4065668210e+05
0.0442467         	2.4060062779e+05
0.0442727         	2.4054156479e+05
0.0442987         	2.4048226551e+05
0.0443247         	2.4042419849e+05
0.0443497         	2.4036930614e+05
0.0443747         	2.4031599129e+05
0.0444007         	2.4025854303e+05
0.0444268         	2.4020080949e+05
0.0444528         	2.4014252064e+05
0.0444789         	2.4008370154e+05
0.044505          	2.4002544799e+05
0.044531          	2.3996634476e+05
0.0445571         	2.3990654484e+05
0.0445831         	2.3984699031e+05
0.0446092         	2.3978730297e+05
0.0446352         	2.3972766937e+05
0.0446596         	2.3967460366e+05
0.0446857         	2.3961840141e+05
0.0447119         	2.3956249810e+05
0.0447381         	2.3950663133e+05
0.0447643         	2.3944905274e+05
0.0447905         	2.3939103795e+05
0.0448167         	2.3933234160e+05
0.0448429         	2.3927352413e+05
0.0448691         	2.3921527034e+05
0.0448952         	2.3915630978e+05
0.0449214         	2.3909525618e+05
0.0449476         	2.3903383381e+05
0.0449738         	2.3897117620e+05
0.045             	2.3890793125e+05
0.0450253         	2.3884765314e+05
0.0450508         	2.3878604995e+05
0.0450765         	2.3872364597e+05
0.0451023         	2.3866032715e+05
0.0451278         	2.3859805354e+05
0.0451531         	2.3853658940e+05
0.045178          	2.3847561317e+05
0.045203          	2.3841597926e+05
0.045228          	2.3835695436e+05
0.0452532         	2.3829771785e+05
0.0452785         	2.3823901504e+05
0.045304          	2.3817858394e+05
0.0453292         	2.3811900976e+05
0.0453545         	2.3805835732e+05
0.0453794         	2.3799822346e+05
0.0454044         	2.3793899576e+05
0.0454299         	2.3787719409e+05
0.0454558         	2.3781266145e+05
0.0454817         	2.3774666733e+05
0.0455076         	2.3767899575e+05
0.0455334         	2.3760922307e+05
0.045559          	2.3754036765e+05
0.0455842         	2.3747310724e+05
0.0456094         	2.3740509179e+05
0.0456346         	2.3733516545e+05
0.0456595         	2.3726614082e+05
0.0456847         	2.3719468282e+05
0.0457099         	2.3712305571e+05
0.0457355         	2.3704759000e+05
0.0457607         	2.3697274047e+05
0.0457859         	2.3689763571e+05
0.0458111         	2.3682159465e+05
0.0458363         	2.3674483243e+05
0.0458615         	2.3666778589e+05
0.0458871         	2.3658830547e+05
0.0459123         	2.3650978127e+05
0.0459375         	2.3643071789e+05
0.0459627         	2.3635031521e+05
0.0459875         	2.3627256539e+05
0.0460123         	2.3619509072e+05
0.0460371         	2.3611692096e+05
0.0460619         	2.3603732264e+05
0.0460867         	2.3595571374e+05
0.0461115         	2.3587431401e+05
0.0461367         	2.3579005965e+05
0.046162          	2.3570501554e+05
0.0461872         	2.3561896677e+05
0.046212          	2.3553367960e+05
0.0462363         	2.3544996545e+05
0.0462606         	2.3536625877e+05
0.0462859         	2.3527798011e+05
0.0463112         	2.3518788678e+05
0.0463365         	2.3509673222e+05
0.0463612         	2.3500804803e+05
0.0463855         	2.3492242021e+05
0.0464102         	2.3483465345e+05
0.046435          	2.3474545766e+05
0.0464598         	2.3465530998e+05
0.0464845         	2.3456408970e+05
0.0465093         	2.3447374751e+05
0.0465341         	2.3438264293e+05
0.0465588         	2.3429198524e+05
0.0465836         	2.3419853858e+05
0.0466084         	2.3410522241e+05
0.0466325         	2.3401478921e+05
0.0466566         	2.3392548968e+05
0.0466807         	2.3383536002e+05
0.0467048         	2.3374621429e+05
0.0467289         	2.3365731341e+05
0.0467537         	2.3356443765e+05
0.0467786         	2.3347026034e+05
0.0468035         	2.3337618869e+05
0.0468284         	2.3328121721e+05
0.0468532         	2.3318582152e+05
0.0468781         	2.3309014436e+05
0.046902          	2.3299868492e+05
0.046926          	2.3290736568e+05
0.0469499         	2.3281696994e+05
0.0469738         	2.3272667255e+05
0.0469977         	2.3263606872e+05
0.0470228         	2.3253896749e+05
0.0470467         	2.3244755090e+05
0.0470719         	2.3234976747e+05
0.0470956         	2.3225788905e+05
0.0471194         	2.3216662770e+05
0.0471432         	2.3207568354e+05
0.047167          	2.3198391154e+05
0.0471908         	2.3189202869e+05
0.0472146         	2.3179907687e+05
0.0472384         	2.3170496165e+05
0.0472621         	2.3160985506e+05
0.0472859         	2.3151364244e+05
0.0473097         	2.3141714050e+05
0.0473335         	2.3132028781e+05
0.0473573         	2.3122353441e+05
0.0473811         	2.3112704274e+05
0.0474049         	2.3103071365e+05
0.0474286         	2.3093406783e+05
0.0474524         	2.3083731133e+05
0.0474762         	2.3074043426e+05
0.0475            	2.3064305825e+05
0.047524          	2.3054440325e+05
0.0475481         	2.3044520378e+05
0.0475721         	2.3034591633e+05
0.0475962         	2.3024645444e+05
0.0476204         	2.3014502580e+05
0.0476445         	2.3004524123e+05
0.0476685         	2.2994525876e+05
0.0476925         	2.2984501637e+05
0.0477163         	2.2974801858e+05
0.0477404         	2.2965105479e+05
0.0477644         	2.2955446389e+05
0.0477882         	2.2945923451e+05
0.047812          	2.2936380817e+05
0.0478358         	2.2926827421e+05
0.0478598         	2.2917202098e+05
0.0478841         	2.2907399455e+05
0.0479082         	2.2897660374e+05
0.0479322         	2.2887894131e+05
0.0479563         	2.2878105466e+05
0.04798           	2.2868364918e+05
0.0480041         	2.2858436955e+05
0.0480281         	2.2848592586e+05
0.0480519         	2.2838887591e+05
0.0480759         	2.2828990084e+05
0.0481            	2.2819077027e+05
0.048124          	2.2809207366e+05
0.0481478         	2.2799532336e+05
0.0481718         	2.2789679407e+05
0.0481959         	2.2779806251e+05
0.0482196         	2.2770046260e+05
0.048243          	2.2760429429e+05
0.0482665         	2.2750820186e+05
0.0482899         	2.2741203806e+05
0.0483133         	2.2731597655e+05
0.0483368         	2.2722025408e+05
0.0483602         	2.2712549014e+05
0.0483839         	2.2703025695e+05
0.0484081         	2.2693340710e+05
0.0484322         	2.2683680282e+05
0.0484559         	2.2674119082e+05
0.0484801         	2.2664401167e+05
0.0485038         	2.2654790069e+05
0.0485272         	2.2645403360e+05
0.0485506         	2.2635998498e+05
0.0485739         	2.2626589719e+05
0.0485973         	2.2617174430e+05
0.0486211         	2.2607515451e+05
0.0486449         	2.2597893501e+05
0.0486686         	2.2588291717e+05
0.048692          	2.2578875556e+05
0.0487154         	2.2569505424e+05
0.0487387         	2.2560198247e+05
0.0487621         	2.2550970249e+05
0.0487854         	2.2541856742e+05
0.0488092         	2.2532623858e+05
0.0488331         	2.2523336747e+05
0.0488569         	2.2514000424e+05
0.0488807         	2.2504636853e+05
0.048904          	2.2495520942e+05
0.0489278         	2.2486163905e+05
0.0489517         	2.2476833033e+05
0.048975          	2.2467793208e+05
0.0489983         	2.2458807058e+05
0.0490216         	2.2449807936e+05
0.0490448         	2.2440826348e+05
0.0490681         	2.2431879806e+05
0.049092          	2.2422653348e+05
0.0491159         	2.2413348152e+05
0.0491392         	2.2404315821e+05
0.0491625         	2.2395370110e+05
0.0491857         	2.2386542826e+05
0.049209          	2.2377797740e+05
0.0492323         	2.2369130873e+05
0.0492555         	2.2360458618e+05
0.0492788         	2.2351773820e+05
0.0493021         	2.2343028948e+05
0.0493253         	2.2334269595e+05
0.0493486         	2.2325587101e+05
0.0493718         	2.2317104300e+05
0.0493951         	2.2308682479e+05
0.0494184         	2.2300341018e+05
0.0494416         	2.2292103772e+05
0.0494649         	2.2283862860e+05
0.0494882         	2.2275619853e+05
0.0495114         	2.2267292963e+05
0.0495347         	2.2258903624e+05
0.049558          	2.2250477463e+05
0.0495812         	2.2241999005e+05
0.0496045         	2.2233477546e+05
0.0496278         	2.2224904016e+05
0.049651          	2.2216350022e+05
0.0496743         	2.2207793355e+05
0.0496976         	2.2199258826e+05
0.0497208         	2.2190724270e+05
0.0497441         	2.2182185448e+05
0.0497674         	2.2173613805e+05
0.0497906         	2.2164979810e+05
0.0498139         	2.2156253949e+05
0.0498371         	2.2147524656e+05
0.0498604         	2.2138780021e+05
0.0498837         	2.2130009105e+05
0.0499069         	2.2121221560e+05
0.0499302         	2.2112395036e+05
0.0499535         	2.2103600367e+05
0.0499767         	2.2094777292e+05
0.05              	2.2085910303e+05
0.0500231         	2.2077064946e+05
0.0500465         	2.2068073500e+05
0.0500699         	2.2059036292e+05
0.050093          	2.2050057793e+05
0.0501162         	2.2040997915e+05
0.0501393         	2.2031874464e+05
0.0501622         	2.2022887891e+05
0.0501854         	2.2013842705e+05
0.0502085         	2.2004805762e+05
0.0502317         	2.1995830803e+05
0.0502548         	2.1986823061e+05
0.050278          	2.1977809515e+05
0.0503011         	2.1968817524e+05
0.0503243         	2.1959755352e+05
0.0503474         	2.1950671881e+05
0.0503705         	2.1941638213e+05
0.0503937         	2.1932541912e+05
0.0504168         	2.1923440588e+05
0.05044           	2.1914298697e+05
0.0504631         	2.1905168807e+05
0.0504863         	2.1896033002e+05
0.0505092         	2.1887034060e+05
0.050532          	2.1877999176e+05
0.0505549         	2.1868886294e+05
0.0505778         	2.1859732805e+05
0.0506007         	2.1850639441e+05
0.0506236         	2.1841649435e+05
0.0506465         	2.1832664867e+05
0.0506696         	2.1823497040e+05
0.0506928         	2.1814257036e+05
0.050716          	2.1804918742e+05
0.0507388         	2.1795671212e+05
0.0507617         	2.1786425448e+05
0.0507846         	2.1777208032e+05
0.0508078         	2.1767852799e+05
0.0508309         	2.1758494547e+05
0.0508541         	2.1749089284e+05
0.0508773         	2.1739676519e+05
0.0509005         	2.1730234583e+05
0.0509233         	2.1720907774e+05
0.0509462         	2.1711547409e+05
0.050969          	2.1702195489e+05
0.0509919         	2.1692833017e+05
0.0510147         	2.1683451605e+05
0.0510376         	2.1674085193e+05
0.0510604         	2.1664736891e+05
0.0510833         	2.1655422991e+05
0.0511061         	2.1646072567e+05
0.051129          	2.1636679623e+05
0.0511522         	2.1627066713e+05
0.0511755         	2.1617376555e+05
0.0511983         	2.1607928411e+05
0.0512211         	2.1598461597e+05
0.0512436         	2.1589175727e+05
0.051266          	2.1579826152e+05
0.0512885         	2.1570459068e+05
0.0513109         	2.1561073328e+05
0.0513333         	2.1551647853e+05
0.0513562         	2.1542113387e+05
0.0513791         	2.1532572059e+05
0.0514015         	2.1523201560e+05
0.0514244         	2.1513508130e+05
0.0514468         	2.1504016625e+05
0.0514697         	2.1494324882e+05
0.0514921         	2.1484864169e+05
0.0515145         	2.1475348848e+05
0.0515369         	2.1465831095e+05
0.0515598         	2.1456054869e+05
0.0515822         	2.1446555418e+05
0.0516051         	2.1436775571e+05
0.0516275         	2.1427319873e+05
0.0516505         	2.1417645100e+05
0.0516728         	2.1408289890e+05
0.0516958         	2.1398481901e+05
0.0517188         	2.1388690487e+05
0.0517418         	2.1378845055e+05
0.0517647         	2.1368946173e+05
0.0517877         	2.1359056690e+05
0.05181           	2.1349501543e+05
0.051833          	2.1339614969e+05
0.051856          	2.1329795337e+05
0.051879          	2.1320020628e+05
0.051902          	2.1310221474e+05
0.051925          	2.1300353866e+05
0.051948          	2.1290476377e+05
0.0519701         	2.1281060039e+05
0.0519931         	2.1271209204e+05
0.0520151         	2.1261891487e+05
0.0520382         	2.1252057378e+05
0.0520602         	2.1242746105e+05
0.0520834         	2.1232830821e+05
0.0521053         	2.1223532603e+05
0.0521272         	2.1214206438e+05
0.0521491         	2.1204860726e+05
0.0521711         	2.1195537728e+05
0.052193          	2.1186193561e+05
0.0522149         	2.1176844625e+05
0.0522369         	2.1167473320e+05
0.0522588         	2.1158090854e+05
0.0522807         	2.1148687710e+05
0.0523026         	2.1139284265e+05
0.0523246         	2.1129861517e+05
0.0523465         	2.1120435009e+05
0.0523684         	2.1110989817e+05
0.0523904         	2.1101463325e+05
0.0524123         	2.1091843495e+05
0.0524342         	2.1082138587e+05
0.0524561         	2.1072430146e+05
0.0524781         	2.1062661668e+05
0.0525            	2.1052853724e+05
0.0525217         	2.1043218239e+05
0.0525435         	2.1033642222e+05
0.0525652         	2.1024070421e+05
0.052587          	2.1014571636e+05
0.0526087         	2.1005065134e+05
0.0526306         	2.0995493111e+05
0.0526528         	2.0985827221e+05
0.0526749         	2.0976170014e+05
0.0526973         	2.0966321278e+05
0.0527196         	2.0956342335e+05
0.052742          	2.0946294795e+05
0.0527643         	2.0936211801e+05
0.0527867         	2.0926184647e+05
0.0528088         	2.0916266879e+05
0.052831          	2.0906344607e+05
0.0528531         	2.0896534340e+05
0.052875          	2.0886818802e+05
0.0528971         	2.0877006115e+05
0.0529195         	2.0867066890e+05
0.0529419         	2.0857133333e+05
0.052964          	2.0847368108e+05
0.0529861         	2.0837554517e+05
0.0530085         	2.0827567810e+05
0.0530307         	2.0817682601e+05
0.053053          	2.0807677297e+05
0.0530754         	2.0797742017e+05
0.0530978         	2.0787804403e+05
0.0531199         	2.0778035837e+05
0.053142          	2.0768318083e+05
0.0531641         	2.0758671457e+05
0.0531863         	2.0749021850e+05
0.0532084         	2.0739336933e+05
0.0532305         	2.0729587744e+05
0.0532529         	2.0719644616e+05
0.053275          	2.0709855156e+05
0.0532968         	2.0700193718e+05
0.0533184         	2.0690687677e+05
0.0533402         	2.0681001257e+05
0.0533624         	2.0671096681e+05
0.0533845         	2.0661142180e+05
0.0534066         	2.0651101580e+05
0.0534285         	2.0641189429e+05
0.05345           	2.0631405843e+05
0.0534715         	2.0621672336e+05
0.053493          	2.0612013133e+05
0.0535146         	2.0602407636e+05
0.0535361         	2.0592786609e+05
0.053558          	2.0583018255e+05
0.0535798         	2.0573270655e+05
0.0536017         	2.0563523276e+05
0.0536238         	2.0553556943e+05
0.0536457         	2.0543769748e+05
0.0536675         	2.0534108563e+05
0.0536894         	2.0524508853e+05
0.0537112         	2.0514937747e+05
0.0537327         	2.0505453687e+05
0.0537542         	2.0495892642e+05
0.053776          	2.0486056535e+05
0.0537979         	2.0476253761e+05
0.0538198         	2.0466409230e+05
0.0538412         	2.0456846061e+05
0.0538631         	2.0447109569e+05
0.0538849         	2.0437347392e+05
0.0539068         	2.0427529472e+05
0.0539282         	2.0417922087e+05
0.0539497         	2.0408303385e+05
0.0539711         	2.0398760891e+05
0.053993          	2.0388999341e+05
0.0540149         	2.0379231100e+05
0.0540373         	2.0369129836e+05
0.0540592         	2.0359201514e+05
0.054081          	2.0349167464e+05
0.0541024         	2.0339374862e+05
0.0541238         	2.0329618744e+05
0.0541452         	2.0319853165e+05
0.0541665         	2.0310131290e+05
0.0541879         	2.0300403300e+05
0.0542093         	2.0290719154e+05
0.0542312         	2.0280719634e+05
0.0542532         	2.0270716135e+05
0.0542752         	2.0260666786e+05
0.0542965         	2.0250928918e+05
0.0543178         	2.0241219682e+05
0.0543391         	2.0231510492e+05
0.0543604         	2.0221770944e+05
0.0543818         	2.0212063979e+05
0.0544031         	2.0202367804e+05
0.0544244         	2.0192624338e+05
0.0544457         	2.0182845973e+05
0.054467          	2.0173116932e+05
0.0544883         	2.0163450828e+05
0.0545097         	2.0153788507e+05
0.054531          	2.0144147756e+05
0.0545523         	2.0134499585e+05
0.0545736         	2.0124810203e+05
0.0545949         	2.0115082320e+05
0.0546163         	2.0105293669e+05
0.0546376         	2.0095526545e+05
0.0546589         	2.0085769301e+05
0.0546802         	2.0076037332e+05
0.0547015         	2.0066363677e+05
0.0547229         	2.0056701202e+05
0.0547442         	2.0047042651e+05
0.0547655         	2.0037360936e+05
0.0547868         	2.0027602068e+05
0.0548081         	2.0017810510e+05
0.0548294         	2.0008046200e+05
0.0548508         	1.9998285705e+05
0.0548721         	1.9988536340e+05
0.0548934         	1.9978755925e+05
0.0549147         	1.9969034095e+05
0.054936          	1.9959384581e+05
0.0549574         	1.9949748106e+05
0.0549787         	1.9940109205e+05
0.055             	1.9930478788e+05
0.0550212         	1.9920872428e+05
0.0550426         	1.9911080330e+05
0.0550637         	1.9901283970e+05
0.0550849         	1.9891426823e+05
0.0551061         	1.9881534493e+05
0.0551275         	1.9871521270e+05
0.0551489         	1.9861515141e+05
0.0551702         	1.9851501712e+05
0.0551916         	1.9841486250e+05
0.055213          	1.9831439694e+05
0.0552344         	1.9821347303e+05
0.0552555         	1.9811341221e+05
0.0552767         	1.9801395090e+05
0.0552979         	1.9791445472e+05
0.0553191         	1.9781474524e+05
0.0553404         	1.9771394521e+05
0.0553618         	1.9761284493e+05
0.055383          	1.9751238483e+05
0.0554042         	1.9741102281e+05
0.0554251         	1.9731071052e+05
0.0554461         	1.9721062657e+05
0.055467          	1.9711102736e+05
0.055488          	1.9701155170e+05
0.0555089         	1.9691251725e+05
0.0555299         	1.9681401835e+05
0.0555509         	1.9671549975e+05
0.0555718         	1.9661675114e+05
0.055593          	1.9651618908e+05
0.0556142         	1.9641504405e+05
0.0556354         	1.9631269305e+05
0.0556566         	1.9620996669e+05
0.0556778         	1.9610730496e+05
0.0556987         	1.9600615523e+05
0.0557199         	1.9590412459e+05
0.0557408         	1.9580341223e+05
0.0557618         	1.9570282795e+05
0.0557827         	1.9560241654e+05
0.0558039         	1.9550063618e+05
0.0558249         	1.9540034824e+05
0.0558458         	1.9530017265e+05
0.0558667         	1.9519981666e+05
0.0558877         	1.9509966435e+05
0.0559086         	1.9499986590e+05
0.0559296         	1.9490037146e+05
0.0559505         	1.9480077729e+05
0.0559714         	1.9470097262e+05
0.0559924         	1.9460075598e+05
0.0560133         	1.9450065120e+05
0.0560346         	1.9439903866e+05
0.0560558         	1.9429783370e+05
0.056077          	1.9419625884e+05
0.0560983         	1.9409410500e+05
0.0561195         	1.9399131070e+05
0.0561404         	1.9389005581e+05
0.0561613         	1.9378905053e+05
0.0561823         	1.9368880467e+05
0.0562032         	1.9358862080e+05
0.0562241         	1.9348897232e+05
0.056245          	1.9338940274e+05
0.0562659         	1.9328970185e+05
0.0562868         	1.9318975143e+05
0.0563078         	1.9308968447e+05
0.0563287         	1.9298901095e+05
0.0563492         	1.9288979100e+05
0.0563698         	1.9279054934e+05
0.0563903         	1.9269132444e+05
0.0564113         	1.9259017700e+05
0.0564322         	1.9248929511e+05
0.0564531         	1.9238888565e+05
0.0564741         	1.9228796885e+05
0.056495          	1.9218694879e+05
0.056516          	1.9208588152e+05
0.0565369         	1.9198495374e+05
0.0565578         	1.9188376771e+05
0.0565788         	1.9178311067e+05
0.0565992         	1.9168506527e+05
0.0566202         	1.9158424223e+05
0.0566411         	1.9148365163e+05
0.0566621         	1.9138327170e+05
0.056683          	1.9128251444e+05
0.056704          	1.9118151958e+05
0.0567249         	1.9108028836e+05
0.0567459         	1.9097849525e+05
0.0567668         	1.9087629311e+05
0.0567878         	1.9077330526e+05
0.0568087         	1.9067004099e+05
0.0568297         	1.9056663268e+05
0.0568506         	1.9046290627e+05
0.0568716         	1.9035919872e+05
0.0568925         	1.9025577020e+05
0.0569135         	1.9015291221e+05
0.0569344         	1.9004993274e+05
0.0569554         	1.8994676216e+05
0.0569763         	1.8984343967e+05
0.0569972         	1.8973992892e+05
0.0570182         	1.8963628119e+05
0.0570391         	1.8953246284e+05
0.0570601         	1.8942891143e+05
0.0570801         	1.8933103068e+05
0.0571011         	1.8922772857e+05
0.0571221         	1.8912457555e+05
0.0571431         	1.8902143619e+05
0.0571641         	1.8891829326e+05
0.0571851         	1.8881516540e+05
0.0572061         	1.8871194899e+05
0.0572271         	1.8860948405e+05
0.0572481         	1.8850780435e+05
0.057269          	1.8840571084e+05
0.05729           	1.8830304249e+05
0.057311          	1.8819964049e+05
0.057332          	1.8809590552e+05
0.057353          	1.8799253504e+05
0.057374          	1.8788942025e+05
0.057395          	1.8778665470e+05
0.057416          	1.8768457677e+05
0.057437          	1.8758232664e+05
0.057458          	1.8747996930e+05
0.057479          	1.8737719257e+05
0.0575            	1.8727359064e+05
0.0575207         	1.8717159963e+05
0.0575412         	1.8707035975e+05
0.0575616         	1.8696859004e+05
0.0575821         	1.8686649764e+05
0.0576026         	1.8676459984e+05
0.0576231         	1.8666277923e+05
0.0576436         	1.8656111243e+05
0.0576641         	1.8645951666e+05
0.0576846         	1.8635789205e+05
0.0577051         	1.8625661611e+05
0.0577256         	1.8615564400e+05
0.0577461         	1.8605505296e+05
0.0577665         	1.8595513156e+05
0.057787          	1.8585551471e+05
0.0578075         	1.8575595750e+05
0.057828          	1.8565675600e+05
0.0578485         	1.8555826482e+05
0.057869          	1.8546015893e+05
0.0578899         	1.8535957421e+05
0.0579108         	1.8525877797e+05
0.0579315         	1.8515917158e+05
0.0579524         	1.8505832956e+05
0.057973          	1.8495864744e+05
0.0579937         	1.8485871881e+05
0.0580144         	1.8475882388e+05
0.0580351         	1.8465855847e+05
0.0580556         	1.8455895063e+05
0.0580762         	1.8445771760e+05
0.0580967         	1.8435789670e+05
0.0581172         	1.8425810617e+05
0.0581376         	1.8415834384e+05
0.0581581         	1.8405905989e+05
0.0581786         	1.8395984828e+05
0.058199          	1.8386080155e+05
0.0582195         	1.8376214389e+05
0.05824           	1.8366366342e+05
0.0582604         	1.8356505700e+05
0.0582809         	1.8346677157e+05
0.0583014         	1.8336904774e+05
0.0583218         	1.8327162936e+05
0.0583423         	1.8317471877e+05
0.0583628         	1.8307822849e+05
0.0583832         	1.8298152774e+05
0.0584037         	1.8288476827e+05
0.0584242         	1.8278858679e+05
0.0584449         	1.8269073207e+05
0.0584654         	1.8259407306e+05
0.0584861         	1.8249560087e+05
0.0585066         	1.8239849642e+05
0.058527          	1.8230094062e+05
0.0585475         	1.8220326143e+05
0.0585679         	1.8210589622e+05
0.0585884         	1.8200861846e+05
0.0586088         	1.8191124658e+05
0.058629          	1.8181538723e+05
0.0586492         	1.8172004346e+05
0.0586693         	1.8162500723e+05
0.0586895         	1.8153013629e+05
0.0587097         	1.8143559107e+05
0.0587298         	1.8134108723e+05
0.0587503         	1.8124485138e+05
0.0587708         	1.8114867514e+05
0.0587913         	1.8105242614e+05
0.0588118         	1.8095607409e+05
0.0588322         	1.8085949183e+05
0.0588527         	1.8076289860e+05
0.0588732         	1.8066633411e+05
0.0588937         	1.8056993358e+05
0.0589142         	1.8047371707e+05
0.0589343         	1.8038003715e+05
0.0589544         	1.8028675591e+05
0.0589745         	1.8019388189e+05
0.0589946         	1.8010093791e+05
0.0590151         	1.8000573360e+05
0.0590352         	1.7991245938e+05
0.0590553         	1.7981917561e+05
0.0590754         	1.7972589167e+05
0.0590955         	1.7963266713e+05
0.0591161         	1.7953704254e+05
0.0591367         	1.7944130360e+05
0.0591572         	1.7934595488e+05
0.0591778         	1.7925094152e+05
0.0591983         	1.7915610643e+05
0.0592189         	1.7906152202e+05
0.0592394         	1.7896685219e+05
0.0592594         	1.7887490252e+05
0.05928           	1.7878010476e+05
0.0593006         	1.7868529363e+05
0.0593212         	1.7859079721e+05
0.0593417         	1.7849662600e+05
0.0593623         	1.7840269729e+05
0.0593829         	1.7830841168e+05
0.0594034         	1.7821442367e+05
0.0594233         	1.7812376752e+05
0.0594432         	1.7803253816e+05
0.0594631         	1.7794102987e+05
0.059483          	1.7784930695e+05
0.0595029         	1.7775741339e+05
0.0595228         	1.7766533854e+05
0.0595426         	1.7757333079e+05
0.0595625         	1.7748117941e+05
0.0595824         	1.7738925775e+05
0.0596023         	1.7729754893e+05
0.0596222         	1.7720581384e+05
0.0596421         	1.7711399313e+05
0.059662          	1.7702201643e+05
0.0596818         	1.7692980221e+05
0.0597017         	1.7683744617e+05
0.0597216         	1.7674500671e+05
0.0597415         	1.7665265424e+05
0.0597614         	1.7656071962e+05
0.0597813         	1.7646894566e+05
0.0598011         	1.7637768601e+05
0.059821          	1.7628684479e+05
0.0598409         	1.7619613215e+05
0.0598608         	1.7610552690e+05
0.0598807         	1.7601489791e+05
0.0599006         	1.7592435892e+05
0.0599205         	1.7583392648e+05
0.0599403         	1.7574374531e+05
0.0599602         	1.7565408694e+05
0.0599801         	1.7556397646e+05
0.06              	1.7547339544e+05
0.0600212         	1.7537535653e+05
0.060042          	1.7527829805e+05
0.0600627         	1.7518178733e+05
0.060083          	1.7508665516e+05
0.0601033         	1.7499110149e+05
0.0601236         	1.7489503856e+05
0.0601439         	1.7479860827e+05
0.0601641         	1.7470285856e+05
0.060184          	1.7460822067e+05
0.0602038         	1.7451471063e+05
0.0602236         	1.7442141047e+05
0.0602434         	1.7432851733e+05
0.0602632         	1.7423609468e+05
0.060283          	1.7414425529e+05
0.0603028         	1.7405283048e+05
0.0603226         	1.7396189896e+05
0.0603426         	1.7387010021e+05
0.0603625         	1.7377830532e+05
0.0603825         	1.7368645008e+05
0.0604027         	1.7359399876e+05
0.0604228         	1.7350198922e+05
0.060443          	1.7340981457e+05
0.0604632         	1.7331776135e+05
0.0604833         	1.7322558236e+05
0.0605035         	1.7313352093e+05
0.0605237         	1.7304161625e+05
0.0605438         	1.7294930101e+05
0.060564          	1.7285639271e+05
0.0605842         	1.7276331169e+05
0.0606041         	1.7267103958e+05
0.0606241         	1.7257876607e+05
0.060644          	1.7248638976e+05
0.060664          	1.7239438177e+05
0.060684          	1.7230252858e+05
0.0607041         	1.7220926558e+05
0.0607243         	1.7211580468e+05
0.0607445         	1.7202233357e+05
0.0607647         	1.7192920376e+05
0.0607846         	1.7183768500e+05
0.0608046         	1.7174662421e+05
0.0608245         	1.7165563589e+05
0.0608445         	1.7156474597e+05
0.0608644         	1.7147426151e+05
0.0608843         	1.7138369710e+05
0.0609045         	1.7129189096e+05
0.0609247         	1.7120016264e+05
0.0609452         	1.7110689315e+05
0.0609659         	1.7101266467e+05
0.0609864         	1.7091985447e+05
0.0610066         	1.7082807943e+05
0.0610267         	1.7073605004e+05
0.0610469         	1.7064379398e+05
0.0610671         	1.7055135056e+05
0.0610873         	1.7045900701e+05
0.0611078         	1.7036504901e+05
0.0611282         	1.7027075965e+05
0.0611487         	1.7017613089e+05
0.0611689         	1.7008272361e+05
0.0611891         	1.6998907910e+05
0.0612089         	1.6989676136e+05
0.0612288         	1.6980428647e+05
0.0612486         	1.6971192545e+05
0.0612685         	1.6961965947e+05
0.0612884         	1.6952753098e+05
0.0613082         	1.6943553310e+05
0.0613281         	1.6934345057e+05
0.061348          	1.6925127404e+05
0.0613678         	1.6915894617e+05
0.0613877         	1.6906675151e+05
0.0614075         	1.6897494325e+05
0.0614274         	1.6888340364e+05
0.0614476         	1.6878981884e+05
0.0614675         	1.6869873417e+05
0.0614874         	1.6860793721e+05
0.0615072         	1.6851748807e+05
0.0615271         	1.6842726424e+05
0.0615469         	1.6833707897e+05
0.0615668         	1.6824692663e+05
0.0615866         	1.6815682621e+05
0.0616065         	1.6806603666e+05
0.0616268         	1.6797274879e+05
0.0616471         	1.6787943119e+05
0.0616669         	1.6778853415e+05
0.0616868         	1.6769788837e+05
0.0617066         	1.6760753174e+05
0.0617264         	1.6751722019e+05
0.0617463         	1.6742725976e+05
0.0617666         	1.6733439922e+05
0.061787          	1.6724106388e+05
0.0618068         	1.6715014846e+05
0.0618266         	1.6705890571e+05
0.0618464         	1.6696786386e+05
0.0618662         	1.6687685336e+05
0.061886          	1.6678588381e+05
0.0619058         	1.6669488757e+05
0.0619257         	1.6660426927e+05
0.0619455         	1.6651356895e+05
0.0619653         	1.6642295128e+05
0.0619851         	1.6633260497e+05
0.0620049         	1.6624224335e+05
0.0620247         	1.6615192322e+05
0.0620445         	1.6606145305e+05
0.0620643         	1.6597107874e+05
0.0620841         	1.6588111676e+05
0.0621039         	1.6579107724e+05
0.0621237         	1.6570121082e+05
0.0621435         	1.6561175353e+05
0.0621633         	1.6552256858e+05
0.0621831         	1.6543336866e+05
0.0622029         	1.6534422418e+05
0.0622227         	1.6525493258e+05
0.0622425         	1.6516553740e+05
0.0622623         	1.6507634288e+05
0.0622821         	1.6498747300e+05
0.0623019         	1.6489914970e+05
0.0623218         	1.6481083423e+05
0.0623416         	1.6472199805e+05
0.0623614         	1.6463263374e+05
0.0623812         	1.6454309446e+05
0.062401          	1.6445326836e+05
0.0624208         	1.6436327026e+05
0.0624406         	1.6427294365e+05
0.0624604         	1.6418219790e+05
0.0624802         	1.6409141295e+05
0.0625            	1.6400083947e+05
0.0625198         	1.6391021214e+05
0.0625395         	1.6382047157e+05
0.0625592         	1.6373086385e+05
0.0625789         	1.6364138535e+05
0.0625986         	1.6355199134e+05
0.0626183         	1.6346276244e+05
0.0626379         	1.6337355360e+05
0.0626575         	1.6328547144e+05
0.062677          	1.6319776181e+05
0.0626967         	1.6310931868e+05
0.0627164         	1.6302107298e+05
0.062736          	1.6293293346e+05
0.0627557         	1.6284481148e+05
0.0627754         	1.6275685456e+05
0.0627951         	1.6266899595e+05
0.062815          	1.6257997813e+05
0.0628348         	1.6249081985e+05
0.0628547         	1.6240166130e+05
0.0628746         	1.6231255773e+05
0.0628946         	1.6222244293e+05
0.0629147         	1.6213246826e+05
0.0629345         	1.6204321064e+05
0.0629544         	1.6195354764e+05
0.0629744         	1.6186260479e+05
0.0629941         	1.6177306997e+05
0.0630138         	1.6168355678e+05
0.0630332         	1.6159504407e+05
0.0630527         	1.6150664013e+05
0.0630722         	1.6141813789e+05
0.0630917         	1.6132964979e+05
0.0631111         	1.6124146877e+05
0.0631308         	1.6115200270e+05
0.0631505         	1.6106259512e+05
0.0631702         	1.6097329498e+05
0.0631898         	1.6088433404e+05
0.0632095         	1.6079541778e+05
0.0632294         	1.6070528191e+05
0.0632491         	1.6061625634e+05
0.0632688         	1.6052713811e+05
0.0632884         	1.6043787428e+05
0.0633081         	1.6034873035e+05
0.0633275         	1.6026104908e+05
0.063347          	1.6017388126e+05
0.0633667         	1.6008581694e+05
0.0633864         	1.5999753172e+05
0.063406          	1.5990922925e+05
0.0634257         	1.5982068194e+05
0.0634454         	1.5973200438e+05
0.0634651         	1.5964314953e+05
0.0634847         	1.5955435066e+05
0.0635047         	1.5946437805e+05
0.0635244         	1.5937584621e+05
0.063544          	1.5928738014e+05
0.0635637         	1.5919901083e+05
0.0635834         	1.5911082133e+05
0.0636031         	1.5902276315e+05
0.0636227         	1.5893491970e+05
0.0636424         	1.5884736017e+05
0.0636621         	1.5876010112e+05
0.0636821         	1.5867147512e+05
0.063702          	1.5858317855e+05
0.063722          	1.5849464657e+05
0.0637417         	1.5840782905e+05
0.0637616         	1.5831981629e+05
0.0637816         	1.5823176937e+05
0.0638016         	1.5814374317e+05
0.0638215         	1.5805531660e+05
0.0638412         	1.5796816609e+05
0.0638608         	1.5788079153e+05
0.0638805         	1.5779337460e+05
0.0639001         	1.5770603048e+05
0.0639198         	1.5761884372e+05
0.0639398         	1.5752989949e+05
0.0639594         	1.5744274794e+05
0.063979          	1.5735590034e+05
0.0639987         	1.5726943790e+05
0.0640183         	1.5718309926e+05
0.0640379         	1.5709661071e+05
0.0640576         	1.5700995087e+05
0.0640772         	1.5692325038e+05
0.0640968         	1.5683674670e+05
0.0641165         	1.5675056153e+05
0.0641361         	1.5666477065e+05
0.0641557         	1.5657917321e+05
0.0641758         	1.5649125108e+05
0.0641959         	1.5640317706e+05
0.064216          	1.5631510876e+05
0.0642361         	1.5622710052e+05
0.0642557         	1.5614156923e+05
0.0642753         	1.5605632648e+05
0.0642949         	1.5597118525e+05
0.0643145         	1.5588618664e+05
0.0643346         	1.5579864655e+05
0.0643548         	1.5571054561e+05
0.064375          	1.5562232953e+05
0.0643951         	1.5553406399e+05
0.0644146         	1.5544901827e+05
0.0644342         	1.5536398090e+05
0.0644537         	1.5527908943e+05
0.0644732         	1.5519428205e+05
0.0644927         	1.5510938342e+05
0.0645122         	1.5502474230e+05
0.0645317         	1.5494042367e+05
0.0645512         	1.5485605980e+05
0.0645707         	1.5477143917e+05
0.0645903         	1.5468691925e+05
0.0646098         	1.5460250568e+05
0.0646293         	1.5451798490e+05
0.0646488         	1.5443343093e+05
0.0646683         	1.5434862295e+05
0.0646878         	1.5426368846e+05
0.0647073         	1.5417869896e+05
0.0647268         	1.5409387184e+05
0.0647463         	1.5400945538e+05
0.0647659         	1.5392529807e+05
0.0647854         	1.5384156269e+05
0.0648049         	1.5375778991e+05
0.0648244         	1.5367406441e+05
0.0648439         	1.5359026208e+05
0.0648634         	1.5350625733e+05
0.0648829         	1.5342180082e+05
0.0649024         	1.5333705037e+05
0.064922          	1.5325207287e+05
0.0649415         	1.5316703593e+05
0.064961          	1.5308198569e+05
0.0649805         	1.5299703977e+05
0.065             	1.5291229567e+05
0.0650194         	1.5282859324e+05
0.0650388         	1.5274528182e+05
0.0650583         	1.5266158057e+05
0.0650778         	1.5257815786e+05
0.0650975         	1.5249404387e+05
0.0651172         	1.5240975099e+05
0.0651371         	1.5232463455e+05
0.0651568         	1.5224013332e+05
0.0651765         	1.5215556962e+05
0.065196          	1.5207183153e+05
0.0652153         	1.5198905738e+05
0.0652347         	1.5190639157e+05
0.0652541         	1.5182387757e+05
0.0652736         	1.5174074272e+05
0.0652931         	1.5165763837e+05
0.0653127         	1.5157456513e+05
0.0653322         	1.5149154406e+05
0.0653519         	1.5140788816e+05
0.0653716         	1.5132435248e+05
0.0653911         	1.5124171430e+05
0.0654106         	1.5115923802e+05
0.0654304         	1.5107611588e+05
0.0654501         	1.5099316183e+05
0.06547           	1.5090951895e+05
0.0654899         	1.5082603536e+05
0.0655098         	1.5074248203e+05
0.0655295         	1.5065961497e+05
0.0655494         	1.5057557259e+05
0.0655695         	1.5049035042e+05
0.0655894         	1.5040599549e+05
0.0656093         	1.5032182745e+05
0.0656292         	1.5023783889e+05
0.0656491         	1.5015441956e+05
0.065669          	1.5007126189e+05
0.0656889         	1.4998820140e+05
0.0657088         	1.4990544853e+05
0.0657287         	1.4982272719e+05
0.0657486         	1.4973991338e+05
0.0657683         	1.4965805098e+05
0.065788          	1.4957605599e+05
0.0658077         	1.4949376497e+05
0.0658273         	1.4941138919e+05
0.065847          	1.4932914837e+05
0.0658667         	1.4924698117e+05
0.0658866         	1.4916403710e+05
0.0659063         	1.4908258596e+05
0.065926          	1.4900126559e+05
0.0659456         	1.4892002876e+05
0.0659651         	1.4884015300e+05
0.0659847         	1.4875888690e+05
0.0660044         	1.4867724897e+05
0.0660241         	1.4859549909e+05
0.0660438         	1.4851398555e+05
0.0660635         	1.4843274469e+05
0.0660831         	1.4835177367e+05
0.0661028         	1.4827120599e+05
0.0661225         	1.4819082582e+05
0.0661425         	1.4810911460e+05
0.0661624         	1.4802717463e+05
0.0661824         	1.4794505312e+05
0.0662023         	1.4786293199e+05
0.0662223         	1.4778075017e+05
0.066242          	1.4769990455e+05
0.0662616         	1.4761926902e+05
0.0662813         	1.4753886853e+05
0.0663009         	1.4745839222e+05
0.0663203         	1.4737937404e+05
0.0663396         	1.4730050181e+05
0.066359          	1.4722203581e+05
0.0663786         	1.4714205503e+05
0.0663983         	1.4706169395e+05
0.066418          	1.4698111728e+05
0.0664376         	1.4690050407e+05
0.0664573         	1.4681973340e+05
0.066477          	1.4673903568e+05
0.0664967         	1.4665854466e+05
0.0665163         	1.4657810796e+05
0.066536          	1.4649767469e+05
0.0665557         	1.4641738839e+05
0.0665754         	1.4633706014e+05
0.066595          	1.4625678268e+05
0.0666147         	1.4617649359e+05
0.0666344         	1.4609596642e+05
0.0666541         	1.4601544286e+05
0.0666737         	1.4593506900e+05
0.0666934         	1.4585481649e+05
0.0667131         	1.4577483453e+05
0.0667327         	1.4569503191e+05
0.0667524         	1.4561530936e+05
0.0667721         	1.4553554524e+05
0.0667918         	1.4545570637e+05
0.0668114         	1.4537574945e+05
0.0668311         	1.4529576350e+05
0.0668508         	1.4521603498e+05
0.0668699         	1.4513889596e+05
0.066889          	1.4506173833e+05
0.0669081         	1.4498454840e+05
0.0669272         	1.4490773495e+05
0.0669463         	1.4483127208e+05
0.066966          	1.4475229972e+05
0.0669858         	1.4467377259e+05
0.0670056         	1.4459555671e+05
0.0670254         	1.4451729525e+05
0.0670451         	1.4443876613e+05
0.0670649         	1.4436016205e+05
0.0670847         	1.4428143018e+05
0.0671045         	1.4420248439e+05
0.0671242         	1.4412339116e+05
0.067144          	1.4404424100e+05
0.0671638         	1.4396479440e+05
0.0671836         	1.4388510141e+05
0.0672034         	1.4380561881e+05
0.0672231         	1.4372642570e+05
0.0672429         	1.4364744632e+05
0.0672627         	1.4356879618e+05
0.0672825         	1.4349054374e+05
0.0673022         	1.4341223360e+05
0.067322          	1.4333390741e+05
0.0673418         	1.4325567597e+05
0.0673616         	1.4317770078e+05
0.0673813         	1.4310007367e+05
0.0674011         	1.4302276652e+05
0.0674209         	1.4294561245e+05
0.0674407         	1.4286828939e+05
0.0674604         	1.4279052976e+05
0.0674802         	1.4271235749e+05
0.0675            	1.4263388222e+05
0.0675198         	1.4255496445e+05
0.0675397         	1.4247620720e+05
0.0675594         	1.4239894784e+05
0.067579          	1.4232229486e+05
0.0675987         	1.4224611628e+05
0.0676186         	1.4216937323e+05
0.0676384         	1.4209232902e+05
0.0676583         	1.4201546660e+05
0.0676783         	1.4193803375e+05
0.0676985         	1.4186002479e+05
0.0677187         	1.4178172757e+05
0.0677387         	1.4170389439e+05
0.0677585         	1.4162677397e+05
0.0677783         	1.4154970708e+05
0.0677982         	1.4147271617e+05
0.067818          	1.4139593458e+05
0.0678379         	1.4131913288e+05
0.0678577         	1.4124231237e+05
0.0678777         	1.4116476615e+05
0.0678977         	1.4108738041e+05
0.0679178         	1.4101034177e+05
0.067938          	1.4093263618e+05
0.0679582         	1.4085525635e+05
0.0679782         	1.4077900476e+05
0.0679982         	1.4070296125e+05
0.0680182         	1.4062685074e+05
0.0680383         	1.4055046997e+05
0.0680583         	1.4047401387e+05
0.0680783         	1.4039748919e+05
0.0680983         	1.4032110660e+05
0.0681181         	1.4024569359e+05
0.0681379         	1.4017030007e+05
0.0681577         	1.4009485316e+05
0.0681775         	1.4001943059e+05
0.0681976         	1.3994318704e+05
0.0682174         	1.3986775748e+05
0.0682372         	1.3979243301e+05
0.068257          	1.3971738179e+05
0.0682768         	1.3964252838e+05
0.0682966         	1.3956778394e+05
0.0683164         	1.3949308698e+05
0.0683362         	1.3941843152e+05
0.068356          	1.3934358125e+05
0.0683758         	1.3926875652e+05
0.0683959         	1.3919299761e+05
0.0684159         	1.3911722705e+05
0.0684357         	1.3904243051e+05
0.0684558         	1.3896668217e+05
0.0684756         	1.3889227023e+05
0.0684954         	1.3881817189e+05
0.0685149         	1.3874545301e+05
0.0685345         	1.3867314402e+05
0.0685543         	1.3859975691e+05
0.0685741         	1.3852611818e+05
0.0685942         	1.3845098760e+05
0.0686142         	1.3837543734e+05
0.0686343         	1.3829969809e+05
0.0686544         	1.3822405507e+05
0.0686745         	1.3814885580e+05
0.0686946         	1.3807408060e+05
0.0687144         	1.3800087515e+05
0.0687341         	1.3792790319e+05
0.0687539         	1.3785506398e+05
0.0687737         	1.3778236194e+05
0.0687935         	1.3770981428e+05
0.0688133         	1.3763736960e+05
0.068833          	1.3756491244e+05
0.0688532         	1.3749128617e+05
0.0688733         	1.3741775210e+05
0.0688934         	1.3734443491e+05
0.0689139         	1.3726989145e+05
0.0689344         	1.3719525978e+05
0.0689545         	1.3712195700e+05
0.0689746         	1.3704851454e+05
0.0689947         	1.3697498452e+05
0.0690148         	1.3690137174e+05
0.0690349         	1.3682774239e+05
0.0690546         	1.3675576286e+05
0.0690743         	1.3668424273e+05
0.069094          	1.3661299371e+05
0.0691137         	1.3654178265e+05
0.0691334         	1.3647056499e+05
0.0691531         	1.3639928119e+05
0.0691728         	1.3632793882e+05
0.069193          	1.3625480725e+05
0.0692131         	1.3618163497e+05
0.0692333         	1.3610837879e+05
0.0692535         	1.3603517234e+05
0.0692737         	1.3596205362e+05
0.0692938         	1.3588908585e+05
0.069314          	1.3581621785e+05
0.0693342         	1.3574337839e+05
0.0693544         	1.3567052782e+05
0.0693745         	1.3559769231e+05
0.0693947         	1.3552510557e+05
0.0694149         	1.3545264835e+05
0.0694351         	1.3538036619e+05
0.0694552         	1.3530838891e+05
0.0694754         	1.3523667272e+05
0.0694956         	1.3516530096e+05
0.0695158         	1.3509418010e+05
0.0695359         	1.3502309369e+05
0.0695561         	1.3495200141e+05
0.0695763         	1.3488093228e+05
0.0695965         	1.3480983003e+05
0.0696167         	1.3473883775e+05
0.0696368         	1.3466804056e+05
0.069657          	1.3459724452e+05
0.0696772         	1.3452674019e+05
0.0696974         	1.3445640286e+05
0.0697175         	1.3438608336e+05
0.0697377         	1.3431585680e+05
0.0697579         	1.3424558536e+05
0.0697781         	1.3417513492e+05
0.0697982         	1.3410465929e+05
0.0698184         	1.3403434088e+05
0.0698386         	1.3396410031e+05
0.0698588         	1.3389382290e+05
0.0698789         	1.3382365686e+05
0.0698991         	1.3375369834e+05
0.0699193         	1.3368384675e+05
0.0699395         	1.3361399363e+05
0.0699596         	1.3354415444e+05
0.0699798         	1.3347438963e+05
0.07              	1.3340471517e+05
0.0700207         	1.3333321548e+05
0.0700413         	1.3326173161e+05
0.070062          	1.3319030976e+05
0.0700826         	1.3311889768e+05
0.0701031         	1.3304814485e+05
0.0701234         	1.3297825439e+05
0.0701438         	1.3290868546e+05
0.0701641         	1.3283958184e+05
0.0701844         	1.3277063544e+05
0.0702047         	1.3270176250e+05
0.0702252         	1.3263228231e+05
0.0702457         	1.3256280830e+05
0.0702662         	1.3249316367e+05
0.0702867         	1.3242335989e+05
0.0703072         	1.3235369147e+05
0.0703277         	1.3228419496e+05
0.0703481         	1.3221483908e+05
0.0703688         	1.3214486454e+05
0.0703895         	1.3207494004e+05
0.0704104         	1.3200414472e+05
0.0704313         	1.3193317436e+05
0.0704524         	1.3186152033e+05
0.0704735         	1.3178989321e+05
0.0704942         	1.3171980890e+05
0.0705149         	1.3164976114e+05
0.0705354         	1.3158064621e+05
0.0705558         	1.3151164689e+05
0.0705763         	1.3144266713e+05
0.0705968         	1.3137384409e+05
0.0706174         	1.3130415044e+05
0.0706381         	1.3123435824e+05
0.0706588         	1.3116457221e+05
0.0706795         	1.3109484476e+05
0.0707002         	1.3102524234e+05
0.0707209         	1.3095589083e+05
0.0707416         	1.3088686386e+05
0.0707623         	1.3081821080e+05
0.0707829         	1.3074985843e+05
0.0708036         	1.3068146820e+05
0.0708243         	1.3061294781e+05
0.0708453         	1.3054323016e+05
0.0708662         	1.3047319396e+05
0.0708872         	1.3040311289e+05
0.0709081         	1.3033311103e+05
0.070929          	1.3026327740e+05
0.07095           	1.3019375149e+05
0.0709709         	1.3012447042e+05
0.0709922         	1.3005430593e+05
0.0710134         	1.2998412648e+05
0.0710347         	1.2991363118e+05
0.0710556         	1.2984414693e+05
0.0710765         	1.2977467169e+05
0.0710975         	1.2970515147e+05
0.0711184         	1.2963568263e+05
0.0711393         	1.2956637171e+05
0.0711603         	1.2949723967e+05
0.0711812         	1.2942814263e+05
0.0712021         	1.2935903020e+05
0.0712231         	1.2929012408e+05
0.071244          	1.2922152044e+05
0.0712649         	1.2915302435e+05
0.0712859         	1.2908432972e+05
0.0713068         	1.2901551772e+05
0.0713277         	1.2894678498e+05
0.071349          	1.2887704086e+05
0.0713703         	1.2880777412e+05
0.0713917         	1.2873892169e+05
0.071413          	1.2867030617e+05
0.0714343         	1.2860182949e+05
0.071456          	1.2853182831e+05
0.0714773         	1.2846333586e+05
0.0714987         	1.2839466824e+05
0.07152           	1.2832582660e+05
0.0715413         	1.2825691140e+05
0.0715626         	1.2818785827e+05
0.0715839         	1.2811853479e+05
0.0716052         	1.2804913427e+05
0.0716265         	1.2797984509e+05
0.0716478         	1.2791061915e+05
0.0716691         	1.2784139144e+05
0.0716904         	1.2777230380e+05
0.0717117         	1.2770318033e+05
0.071733          	1.2763407548e+05
0.0717543         	1.2756502412e+05
0.0717756         	1.2749601336e+05
0.0717969         	1.2742700417e+05
0.0718182         	1.2735811820e+05
0.0718395         	1.2728945128e+05
0.0718608         	1.2722084186e+05
0.0718821         	1.2715237913e+05
0.0719035         	1.2708410298e+05
0.0719248         	1.2701592360e+05
0.0719461         	1.2694774163e+05
0.0719674         	1.2687957426e+05
0.0719887         	1.2681167068e+05
0.07201           	1.2674385452e+05
0.0720313         	1.2667611962e+05
0.0720526         	1.2660867797e+05
0.0720739         	1.2654141730e+05
0.0720952         	1.2647421866e+05
0.0721165         	1.2640710568e+05
0.0721378         	1.2634017655e+05
0.0721591         	1.2627338606e+05
0.0721804         	1.2620680079e+05
0.0722017         	1.2614048389e+05
0.072223          	1.2607435989e+05
0.0722443         	1.2600834694e+05
0.0722656         	1.2594227286e+05
0.0722869         	1.2587589792e+05
0.0723083         	1.2580937433e+05
0.0723296         	1.2574270971e+05
0.0723509         	1.2567597262e+05
0.0723722         	1.2560939782e+05
0.0723935         	1.2554298131e+05
0.0724148         	1.2547679293e+05
0.0724361         	1.2541075104e+05
0.0724574         	1.2534475041e+05
0.0724787         	1.2527889855e+05
0.0725            	1.2521319999e+05
0.0725219         	1.2514556998e+05
0.0725439         	1.2507786419e+05
0.0725658         	1.2501008346e+05
0.0725877         	1.2494231036e+05
0.0726096         	1.2487460561e+05
0.0726316         	1.2480705447e+05
0.0726535         	1.2473949784e+05
0.0726754         	1.2467199969e+05
0.0726974         	1.2460464145e+05
0.0727193         	1.2453760066e+05
0.0727412         	1.2447081341e+05
0.0727634         	1.2440343073e+05
0.0727855         	1.2433614920e+05
0.0728077         	1.2426898249e+05
0.0728298         	1.2420212122e+05
0.072852          	1.2413552939e+05
0.0728741         	1.2406887627e+05
0.0728962         	1.2400222496e+05
0.0729184         	1.2393559666e+05
0.0729405         	1.2386903972e+05
0.0729629         	1.2380150367e+05
0.0729853         	1.2373391196e+05
0.0730074         	1.2366719314e+05
0.0730296         	1.2360070678e+05
0.0730517         	1.2353427054e+05
0.0730739         	1.2346789838e+05
0.0730963         	1.2340076607e+05
0.0731187         	1.2333348781e+05
0.0731408         	1.2326694309e+05
0.0731629         	1.2320025095e+05
0.0731851         	1.2313338393e+05
0.0732069         	1.2306740037e+05
0.0732288         	1.2300143088e+05
0.0732509         	1.2293464713e+05
0.0732731         	1.2286787333e+05
0.0732952         	1.2280120544e+05
0.0733173         	1.2273458142e+05
0.0733395         	1.2266791558e+05
0.0733616         	1.2260114049e+05
0.0733838         	1.2253433637e+05
0.0734059         	1.2246759291e+05
0.073428          	1.2240122532e+05
0.0734499         	1.2233610328e+05
0.073472          	1.2227026211e+05
0.0734942         	1.2220471751e+05
0.0735163         	1.2213942279e+05
0.0735385         	1.2207417925e+05
0.0735606         	1.2200908628e+05
0.0735831         	1.2194317959e+05
0.0736056         	1.2187738914e+05
0.0736281         	1.2181174330e+05
0.0736506         	1.2174612886e+05
0.0736731         	1.2168054818e+05
0.0736959         	1.2161367203e+05
0.0737188         	1.2154669988e+05
0.0737417         	1.2147964423e+05
0.0737642         	1.2141373737e+05
0.0737866         	1.2134786089e+05
0.0738095         	1.2128067440e+05
0.0738324         	1.2121362094e+05
0.0738553         	1.2114648739e+05
0.0738782         	1.2107946995e+05
0.0739011         	1.2101266388e+05
0.073924          	1.2094589107e+05
0.0739469         	1.2087914222e+05
0.0739698         	1.2081241466e+05
0.0739927         	1.2074570354e+05
0.0740156         	1.2067913499e+05
0.0740385         	1.2061273331e+05
0.0740614         	1.2054641596e+05
0.0740843         	1.2048000870e+05
0.0741071         	1.2041345767e+05
0.07413           	1.2034692896e+05
0.0741529         	1.2028021621e+05
0.0741758         	1.2021352140e+05
0.0741987         	1.2014705094e+05
0.0742216         	1.2008081676e+05
0.0742445         	1.2001490350e+05
0.0742674         	1.1994909984e+05
0.0742903         	1.1988355485e+05
0.0743132         	1.1981817362e+05
0.0743361         	1.1975295977e+05
0.074359          	1.1968805693e+05
0.0743819         	1.1962329464e+05
0.0744048         	1.1955870855e+05
0.0744277         	1.1949411095e+05
0.0744506         	1.1942971419e+05
0.0744744         	1.1936248675e+05
0.0744983         	1.1929517918e+05
0.0745222         	1.1922793080e+05
0.0745461         	1.1916073338e+05
0.07457           	1.1909363391e+05
0.0745939         	1.1902660910e+05
0.0746178         	1.1895954440e+05
0.0746417         	1.1889246817e+05
0.0746656         	1.1882544640e+05
0.0746878         	1.1876299001e+05
0.0747101         	1.1870049956e+05
0.0747324         	1.1863804063e+05
0.0747547         	1.1857569963e+05
0.074777          	1.1851342363e+05
0.0747993         	1.1845133503e+05
0.0748216         	1.1838936030e+05
0.0748439         	1.1832745250e+05
0.0748662         	1.1826571742e+05
0.0748885         	1.1820417954e+05
0.0749108         	1.1814273439e+05
0.0749331         	1.1808143313e+05
0.0749554         	1.1802024128e+05
0.0749777         	1.1795918967e+05
0.075             	1.1789813746e+05
0.0750236         	1.1783341001e+05
0.0750472         	1.1776862902e+05
0.0750708         	1.1770377065e+05
0.0750943         	1.1763891539e+05
0.0751179         	1.1757421683e+05
0.0751417         	1.1750901790e+05
0.0751653         	1.1744445200e+05
0.0751889         	1.1737983279e+05
0.0752125         	1.1731508869e+05
0.0752361         	1.1725036181e+05
0.0752597         	1.1718576281e+05
0.0752832         	1.1712126833e+05
0.0753071         	1.1705620495e+05
0.0753309         	1.1699135989e+05
0.0753547         	1.1692693370e+05
0.0753786         	1.1686292809e+05
0.0754024         	1.1679913706e+05
0.0754265         	1.1673456782e+05
0.0754506         	1.1666990693e+05
0.0754748         	1.1660509822e+05
0.0754989         	1.1654024349e+05
0.075523          	1.1647542501e+05
0.0755474         	1.1640982549e+05
0.0755718         	1.1634457238e+05
0.0755959         	1.1628051455e+05
0.07562           	1.1621674101e+05
0.0756441         	1.1615316754e+05
0.0756685         	1.1608890666e+05
0.0756929         	1.1602480712e+05
0.0757174         	1.1596075451e+05
0.0757418         	1.1589669415e+05
0.0757662         	1.1583252998e+05
0.0757906         	1.1576831456e+05
0.075815          	1.1570406035e+05
0.0758395         	1.1563986615e+05
0.0758639         	1.1557559755e+05
0.0758883         	1.1551133360e+05
0.0759127         	1.1544708680e+05
0.0759371         	1.1538305096e+05
0.0759616         	1.1531912046e+05
0.075986          	1.1525536166e+05
0.0760104         	1.1519172941e+05
0.0760348         	1.1512823026e+05
0.0760592         	1.1506505939e+05
0.0760837         	1.1500223815e+05
0.0761081         	1.1493976698e+05
0.0761325         	1.1487762222e+05
0.0761569         	1.1481559463e+05
0.0761818         	1.1475219460e+05
0.0762067         	1.1468860167e+05
0.0762315         	1.1462501806e+05
0.0762564         	1.1456142015e+05
0.0762813         	1.1449773784e+05
0.0763061         	1.1443420829e+05
0.076331          	1.1437088737e+05
0.0763564         	1.1430658002e+05
0.0763818         	1.1424254288e+05
0.0764073         	1.1417868866e+05
0.0764327         	1.1411515712e+05
0.0764581         	1.1405177372e+05
0.0764835         	1.1398839426e+05
0.0765089         	1.1392502798e+05
0.0765343         	1.1386164383e+05
0.0765597         	1.1379838863e+05
0.0765858         	1.1373344892e+05
0.076612          	1.1366854001e+05
0.0766381         	1.1360373669e+05
0.0766642         	1.1353892887e+05
0.0766903         	1.1347416941e+05
0.0767164         	1.1340941609e+05
0.0767426         	1.1334495773e+05
0.0767687         	1.1328075256e+05
0.0767948         	1.1321664735e+05
0.0768209         	1.1315243688e+05
0.076847          	1.1308817841e+05
0.0768732         	1.1302403253e+05
0.0768993         	1.1296003696e+05
0.0769254         	1.1289610362e+05
0.0769515         	1.1283230822e+05
0.0769776         	1.1276876225e+05
0.0770037         	1.1270550577e+05
0.0770299         	1.1264249119e+05
0.077056          	1.1257968280e+05
0.0770821         	1.1251706206e+05
0.0771082         	1.1245464333e+05
0.0771343         	1.1239262734e+05
0.0771605         	1.1233087092e+05
0.0771866         	1.1226915641e+05
0.0772127         	1.1220742721e+05
0.0772388         	1.1214585130e+05
0.0772649         	1.1208444717e+05
0.0772911         	1.1202314580e+05
0.0773172         	1.1196193705e+05
0.0773433         	1.1190111332e+05
0.0773694         	1.1184044583e+05
0.0773955         	1.1177993937e+05
0.0774216         	1.1171956130e+05
0.0774478         	1.1165928120e+05
0.0774739         	1.1159906120e+05
0.0775            	1.1153910591e+05
0.0775275         	1.1147626208e+05
0.0775549         	1.1141378376e+05
0.0775824         	1.1135150134e+05
0.0776099         	1.1128924635e+05
0.0776374         	1.1122700245e+05
0.0776652         	1.1116405765e+05
0.077693          	1.1110117434e+05
0.0777207         	1.1103833829e+05
0.0777485         	1.1097568245e+05
0.0777767         	1.1091241985e+05
0.0778048         	1.1084943526e+05
0.077833          	1.1078655599e+05
0.0778611         	1.1072389309e+05
0.0778893         	1.1066155406e+05
0.0779174         	1.1059963710e+05
0.0779459         	1.1053714132e+05
0.0779745         	1.1047482482e+05
0.078003          	1.1041260422e+05
0.0780315         	1.1035046884e+05
0.0780605         	1.1028757664e+05
0.0780894         	1.1022480301e+05
0.0781184         	1.1016201494e+05
0.0781473         	1.1009926261e+05
0.0781763         	1.1003651183e+05
0.0782052         	1.0997395017e+05
0.0782342         	1.0991164659e+05
0.0782631         	1.0984942690e+05
0.0782921         	1.0978730038e+05
0.078321          	1.0972538104e+05
0.07835           	1.0966349726e+05
0.0783789         	1.0960165758e+05
0.0784078         	1.0954010589e+05
0.0784368         	1.0947899449e+05
0.0784657         	1.0941798792e+05
0.0784952         	1.0935609211e+05
0.0785248         	1.0929446760e+05
0.0785543         	1.0923300593e+05
0.0785838         	1.0917178743e+05
0.0786133         	1.0911083213e+05
0.0786428         	1.0905025449e+05
0.0786723         	1.0899002910e+05
0.0787018         	1.0892978945e+05
0.078732          	1.0886812056e+05
0.0787622         	1.0880678321e+05
0.0787924         	1.0874573858e+05
0.0788225         	1.0868492975e+05
0.0788535         	1.0862261554e+05
0.0788845         	1.0856029180e+05
0.0789155         	1.0849809702e+05
0.0789465         	1.0843602236e+05
0.0789775         	1.0837424650e+05
0.0790085         	1.0831290555e+05
0.0790394         	1.0825180606e+05
0.0790704         	1.0819087704e+05
0.0791014         	1.0813005981e+05
0.0791324         	1.0806944836e+05
0.0791634         	1.0800909228e+05
0.0791944         	1.0794890188e+05
0.0792254         	1.0788890864e+05
0.0792563         	1.0782891477e+05
0.0792873         	1.0776903460e+05
0.0793183         	1.0770942188e+05
0.0793493         	1.0764995884e+05
0.0793803         	1.0759067034e+05
0.0794113         	1.0753158124e+05
0.0794423         	1.0747280415e+05
0.0794751         	1.0741080897e+05
0.0795079         	1.0734905621e+05
0.0795407         	1.0728754562e+05
0.0795735         	1.0722628145e+05
0.0796063         	1.0716519713e+05
0.0796391         	1.0710406600e+05
0.0796719         	1.0704300594e+05
0.0797047         	1.0698203452e+05
0.0797375         	1.0692115970e+05
0.0797703         	1.0686060659e+05
0.0798032         	1.0680029116e+05
0.079836          	1.0674005513e+05
0.0798688         	1.0667990979e+05
0.0799016         	1.0662010186e+05
0.0799344         	1.0656059298e+05
0.0799672         	1.0650125734e+05
0.08              	1.0644198482e+05
0.0800338         	1.0638111288e+05
0.0800676         	1.0632062746e+05
0.0801018         	1.0625962512e+05
0.0801361         	1.0619867125e+05
0.0801709         	1.0613679311e+05
0.0802056         	1.0607495885e+05
0.0802404         	1.0601314731e+05
0.0802751         	1.0595151475e+05
0.0803099         	1.0589028622e+05
0.0803447         	1.0582942182e+05
0.0803794         	1.0576888106e+05
0.0804142         	1.0570859943e+05
0.080449          	1.0564856755e+05
0.0804843         	1.0558793474e+05
0.0805197         	1.0552777775e+05
0.080555          	1.0546794219e+05
0.0805904         	1.0540830754e+05
0.0806258         	1.0534883196e+05
0.0806618         	1.0528845787e+05
0.0806979         	1.0522852054e+05
0.0807339         	1.0516924970e+05
0.0807699         	1.0511026882e+05
0.080806          	1.0505154640e+05
0.080842          	1.0499335040e+05
0.0808781         	1.0493549060e+05
0.0809149         	1.0487645772e+05
0.0809518         	1.0481786612e+05
0.0809887         	1.0475962359e+05
0.0810255         	1.0470146564e+05
0.0810633         	1.0464189621e+05
0.0811011         	1.0458240197e+05
0.08114           	1.0452141291e+05
0.0811788         	1.0446078300e+05
0.0812177         	1.0440051050e+05
0.0812566         	1.0434056403e+05
0.0812954         	1.0428091890e+05
0.0813343         	1.0422137793e+05
0.0813731         	1.0416210750e+05
0.081412          	1.0410325236e+05
0.0814509         	1.0404463306e+05
0.0814897         	1.0398647727e+05
0.0815286         	1.0392891609e+05
0.0815674         	1.0387147515e+05
0.0816063         	1.0381435210e+05
0.0816469         	1.0375512948e+05
0.0816875         	1.0369626174e+05
0.0817282         	1.0363744956e+05
0.0817688         	1.0357878356e+05
0.0818094         	1.0352061029e+05
0.08185           	1.0346290753e+05
0.0818934         	1.0340181074e+05
0.0819367         	1.0334121642e+05
0.08198           	1.0328149682e+05
0.0820233         	1.0322235348e+05
0.0820667         	1.0316350327e+05
0.08211           	1.0310498335e+05
0.0821533         	1.0304686821e+05
0.0821967         	1.0298908282e+05
0.08224           	1.0293162978e+05
0.0822833         	1.0287489260e+05
0.0823267         	1.0281849778e+05
0.08237           	1.0276239165e+05
0.0824133         	1.0270683227e+05
0.0824567         	1.0265185563e+05
0.0825            	1.0259717627e+05
0.0825455         	1.0254013812e+05
0.0825909         	1.0248325781e+05
0.0826364         	1.0242676383e+05
0.0826827         	1.0236964696e+05
0.0827291         	1.0231286497e+05
0.0827754         	1.0225649883e+05
0.0828227         	1.0219893288e+05
0.0828701         	1.0214219625e+05
0.0829185         	1.0208474554e+05
0.0829669         	1.0202784529e+05
0.0830153         	1.0197166544e+05
0.0830649         	1.0191468330e+05
0.0831145         	1.0185829584e+05
0.0831641         	1.0180196042e+05
0.0832151         	1.0174422275e+05
0.0832661         	1.0168728304e+05
0.0833171         	1.0163109503e+05
0.0833681         	1.0157553431e+05
0.0834208         	1.0151857054e+05
0.0834734         	1.0146220799e+05
0.083526          	1.0140607468e+05
0.0835787         	1.0135075044e+05
0.0836313         	1.0129577276e+05
0.083684          	1.0124147848e+05
0.0837388         	1.0118591974e+05
0.0837936         	1.0113106928e+05
0.0838485         	1.0107701365e+05
0.0839033         	1.0102377691e+05
0.0839581         	1.0097103939e+05
0.084016          	1.0091585451e+05
0.0840739         	1.0086155683e+05
0.0841318         	1.0080792978e+05
0.0841897         	1.0075498606e+05
0.0842475         	1.0070305052e+05
0.0843103         	1.0064817342e+05
0.084373          	1.0059448033e+05
0.0844357         	1.0054132681e+05
0.0844984         	1.0048928045e+05
0.0845611         	1.0043773949e+05
0.0846238         	1.0038651505e+05
0.0846865         	1.0033604204e+05
0.0847492         	1.0028638414e+05
0.0848119         	1.0023700734e+05
0.0848746         	1.0018861127e+05
0.0849373         	1.0014080136e+05
0.085             	1.0009376443e+05
0.0850694         	1.0004301249e+05
0.0851431         	9.9990598847e+04
0.0852168         	9.9940125775e+04
0.0852904         	9.9890276731e+04
0.0853666         	9.9839673847e+04
0.0854456         	9.9788570651e+04
0.0855246         	9.9739545906e+04
0.0856069         	9.9690562381e+04
0.0856892         	9.9642889256e+04
0.0857715         	9.9597360436e+04
0.085858          	9.9550698279e+04
0.0859444         	9.9505326804e+04
0.0860359         	9.9458077052e+04
0.0861274         	9.9412163656e+04
0.0862189         	9.9367309962e+04
0.0863175         	9.9319764411e+04
0.086416          	9.9274489896e+04
0.0865145         	9.9230793779e+04
0.086624          	9.9183434407e+04
0.0867335         	9.9139579889e+04
0.086843          	9.9099205543e+04
0.0869525         	9.9060216982e+04
0.0870894         	9.9014056825e+04
0.0872263         	9.8971849599e+04
0.0873631         	9.8934774391e+04
0.0875            	9.8900488000e+04
0.0876563         	9.8863919453e+04
0.0878237         	9.8828030310e+04
0.088005          	9.8796161573e+04
0.0881864         	9.8769836699e+04
0.0883879         	9.8746807810e+04
0.0886182         	9.8729977755e+04
0.0888485         	9.8722154028e+04
0.0891364         	9.8723409806e+04
0.0894242         	9.8737867561e+04
0.0897121         	9.8764765325e+04
0.09              	9.8805752853e+04
0.0903571         	9.8870487581e+04
0.0907857         	9.8967839755e+04
0.0910714         	9.9043398296e+04
0.0913571         	9.9122875261e+04
0.0915857         	9.9193052895e+04
0.0918143         	9.9267324771e+04
0.0920429         	9.9342004213e+04
0.0922714         	9.9417345026e+04
0.0925            	9.9494889742e+04
0.0926786         	9.9559646027e+04
0.0928571         	9.9625080864e+04
0.0930357         	9.9689144899e+04
0.0932143         	9.9754247272e+04
0.0933929         	9.9821621114e+04
0.0935714         	9.9889315958e+04
0.09375           	9.9957985437e+04
0.0939286         	1.0002554381e+05
0.0941071         	1.0009160206e+05
0.0942857         	1.0015785595e+05
0.0944643         	1.0022457505e+05
0.0946429         	1.0029225013e+05
0.0948214         	1.0035843975e+05
0.095             	1.0042235606e+05
0.0951786         	1.0048582663e+05
0.0953571         	1.0054758370e+05
0.0955519         	1.0061201395e+05
0.0957468         	1.0067361510e+05
0.0959659         	1.0073994322e+05
0.0961851         	1.0080216993e+05
0.0964481         	1.0087328065e+05
0.096711          	1.0093854241e+05
0.096974          	1.0099476053e+05
0.097237          	1.0104052508e+05
0.0975            	1.0107765661e+05
0.0978125         	1.0110707809e+05
0.0981771         	1.0112636475e+05
0.0986328         	1.0112663018e+05
0.0990885         	1.0110878071e+05
0.0993924         	1.0107812697e+05
0.0996962         	1.0103645139e+05
0.1               	1.0098989352e+05
