# Region          : all region0
# Cells           : 7500
# Volume          : 2.6000000000e-01
# Time            	average(p)
0.0175012         	1.6542348965e+05
0.0175026         	1.6542304748e+05
0.0175044         	1.6542295018e+05
0.0175064         	1.6542297331e+05
0.0175089         	1.6542303309e+05
0.0175119         	1.6542309451e+05
0.0175155         	1.6542312432e+05
0.0175198         	1.6542308829e+05
0.017525          	1.6542292695e+05
0.0175312         	1.6542255824e+05
0.0175386         	1.6542187368e+05
0.0175475         	1.6542061371e+05
0.0175582         	1.6541776960e+05
0.0175711         	1.6541286953e+05
0.0175865         	1.6540466882e+05
0.0176049         	1.6539123623e+05
0.0176271         	1.6536981712e+05
0.0176537         	1.6533729336e+05
0.0176859         	1.6529128892e+05
0.0177244         	1.6523254156e+05
0.01777           	1.6516441352e+05
0.0178218         	1.6509058058e+05
0.0178749         	1.6501832195e+05
0.0179255         	1.6495230198e+05
0.0179738         	1.6489157814e+05
0.0180198         	1.6483451957e+05
0.0180648         	1.6477849644e+05
0.0181088         	1.6472285896e+05
0.0181528         	1.6466664653e+05
0.0181968         	1.6460981645e+05
0.0182397         	1.6455256745e+05
0.0182826         	1.6449292137e+05
0.0183256         	1.6443107668e+05
0.0183674         	1.6436916171e+05
0.0184093         	1.6430512214e+05
0.0184512         	1.6423876315e+05
0.018493          	1.6416999995e+05
0.0185349         	1.6409855872e+05
0.0185767         	1.6402414840e+05
0.0186174         	1.6394912195e+05
0.0186581         	1.6387091392e+05
0.0186987         	1.6378967153e+05
0.0187394         	1.6370531333e+05
0.0187801         	1.6361777300e+05
0.0188207         	1.6352718076e+05
0.0188614         	1.6343340916e+05
0.0189007         	1.6334005646e+05
0.0189399         	1.6324335812e+05
0.0189792         	1.6314362921e+05
0.0190184         	1.6304081684e+05
0.0190577         	1.6293494276e+05
0.019097          	1.6282577479e+05
0.0191362         	1.6271331568e+05
0.0191755         	1.6259738575e+05
0.0192148         	1.6247810148e+05
0.019254          	1.6235576009e+05
0.0192933         	1.6223035299e+05
0.0193325         	1.6210137381e+05
0.0193718         	1.6196911149e+05
0.0194111         	1.6183363395e+05
0.0194503         	1.6169492864e+05
0.0194926         	1.6154011753e+05
0.0195349         	1.6138129457e+05
0.0195772         	1.6122259327e+05
0.0196195         	1.6107293980e+05
0.0196617         	1.6094561606e+05
0.019704          	1.6084590963e+05
0.0197463         	1.6076725069e+05
0.0197886         	1.6070135728e+05
0.0198309         	1.6064145750e+05
0.0198732         	1.6058582322e+05
0.0199154         	1.6053393198e+05
0.0199577         	1.6048620239e+05
0.02              	1.6044291785e+05
0.0200424         	1.6040462852e+05
0.0200847         	1.6037241722e+05
0.0201271         	1.6034700055e+05
0.0201695         	1.6032866858e+05
0.0202126         	1.6031815615e+05
0.0202558         	1.6031716257e+05
0.020299          	1.6032697707e+05
0.0203421         	1.6034849950e+05
0.0203853         	1.6038279225e+05
0.0204284         	1.6043103929e+05
0.0204716         	1.6049379019e+05
0.0205148         	1.6057193129e+05
0.0205579         	1.6066596418e+05
0.020602          	1.6077854775e+05
0.0206462         	1.6090871725e+05
0.0206903         	1.6105681949e+05
0.0207345         	1.6122306873e+05
0.0207786         	1.6140780378e+05
0.0208227         	1.6161099041e+05
0.0208669         	1.6183287070e+05
0.020911          	1.6207309618e+05
0.0209552         	1.6233140327e+05
0.0209993         	1.6260796709e+05
0.0210434         	1.6290446871e+05
0.0210876         	1.6322194378e+05
0.0211317         	1.6356128535e+05
0.0211758         	1.6392319788e+05
0.02122           	1.6430883468e+05
0.0212641         	1.6471979040e+05
0.0213083         	1.6515165922e+05
0.0213524         	1.6560168640e+05
0.0213965         	1.6607458229e+05
0.0214407         	1.6656693660e+05
0.0214848         	1.6707510333e+05
0.021529          	1.6759926160e+05
0.0215731         	1.6814318061e+05
0.0216172         	1.6870771384e+05
0.0216614         	1.6929087110e+05
0.0217055         	1.6989144679e+05
0.0217496         	1.7051522822e+05
0.0217938         	1.7115357164e+05
0.0218379         	1.7180375121e+05
0.0218821         	1.7246303647e+05
0.0219262         	1.7313048329e+05
0.0219703         	1.7380056667e+05
0.0220145         	1.7447269294e+05
0.0220586         	1.7515494851e+05
0.0221028         	1.7584970077e+05
0.0221469         	1.7654795536e+05
0.022191          	1.7725204102e+05
0.0222352         	1.7794934077e+05
0.0222793         	1.7863474911e+05
0.0223234         	1.7931161716e+05
0.0223676         	1.7997989685e+05
0.0224117         	1.8064124715e+05
0.0224559         	1.8129180741e+05
0.0225            	1.8194307179e+05
0.0225424         	1.8257591134e+05
0.0225847         	1.8320465539e+05
0.0226271         	1.8382972067e+05
0.0226695         	1.8445091926e+05
0.0227111         	1.8505925665e+05
0.0227527         	1.8566008186e+05
0.0227943         	1.8625060897e+05
0.022836          	1.8683038900e+05
0.0228768         	1.8738960683e+05
0.0229184         	1.8795888435e+05
0.0229601         	1.8852449938e+05
0.0230017         	1.8909267680e+05
0.0230433         	1.8965783686e+05
0.0230849         	1.9022098586e+05
0.0231266         	1.9077903145e+05
0.0231682         	1.9133005882e+05
0.0232098         	1.9187627659e+05
0.0232515         	1.9241801884e+05
0.0232931         	1.9294627175e+05
0.0233347         	1.9347154292e+05
0.0233764         	1.9399032292e+05
0.023418          	1.9450131363e+05
0.0234608         	1.9501424844e+05
0.0235035         	1.9551861073e+05
0.0235463         	1.9601134967e+05
0.023589          	1.9650369244e+05
0.0236318         	1.9698387727e+05
0.0236745         	1.9745412463e+05
0.0237173         	1.9791822052e+05
0.0237615         	1.9840122191e+05
0.0238058         	1.9888536255e+05
0.02385           	1.9936501217e+05
0.0238942         	1.9983718510e+05
0.0239385         	2.0030544059e+05
0.0239827         	2.0076700327e+05
0.0240289         	2.0123270105e+05
0.0240752         	2.0168482034e+05
0.0241214         	2.0212542473e+05
0.0241676         	2.0255311145e+05
0.0242139         	2.0297710265e+05
0.0242601         	2.0339603007e+05
0.0243064         	2.0380503667e+05
0.0243526         	2.0420372719e+05
0.0244024         	2.0461428197e+05
0.0244484         	2.0498335506e+05
0.0244985         	2.0537121379e+05
0.0245487         	2.0573760092e+05
0.0245988         	2.0609232329e+05
0.024649          	2.0643552087e+05
0.0246991         	2.0676027548e+05
0.0247493         	2.0707456063e+05
0.0247994         	2.0738211262e+05
0.0248496         	2.0767133580e+05
0.0248997         	2.0793742887e+05
0.0249499         	2.0818790996e+05
0.025             	2.0842267892e+05
0.0250481         	2.0864420593e+05
0.0250962         	2.0884732964e+05
0.0251442         	2.0903120409e+05
0.0251923         	2.0920604953e+05
0.0252414         	2.0937179093e+05
0.0252905         	2.0952930930e+05
0.0253385         	2.0967770624e+05
0.0253866         	2.0981669253e+05
0.0254346         	2.0994305466e+05
0.0254826         	2.1006136347e+05
0.0255307         	2.1017017143e+05
0.0255776         	2.1026328836e+05
0.0256244         	2.1034249391e+05
0.0256713         	2.1041001232e+05
0.0257182         	2.1046693416e+05
0.0257651         	2.1051779259e+05
0.0258108         	2.1056678651e+05
0.0258564         	2.1060957790e+05
0.0259021         	2.1064657282e+05
0.0259477         	2.1067744955e+05
0.0259934         	2.1070260063e+05
0.026039          	2.1072185293e+05
0.0260847         	2.1073917273e+05
0.0261304         	2.1074923587e+05
0.0261745         	2.1075290202e+05
0.0262187         	2.1075283558e+05
0.0262629         	2.1074894108e+05
0.0263071         	2.1074157921e+05
0.0263513         	2.1073150947e+05
0.0263954         	2.1071748954e+05
0.0264396         	2.1070233009e+05
0.0264838         	2.1068559567e+05
0.026528          	2.1066844691e+05
0.0265722         	2.1065131210e+05
0.0266164         	2.1063356187e+05
0.0266605         	2.1061578170e+05
0.0267047         	2.1059896668e+05
0.0267489         	2.1058372125e+05
0.0267931         	2.1057082891e+05
0.0268373         	2.1056086714e+05
0.0268814         	2.1055065789e+05
0.0269256         	2.1053912442e+05
0.0269698         	2.1052765165e+05
0.027014          	2.1051627556e+05
0.0270582         	2.1050673581e+05
0.0271024         	2.1049932561e+05
0.0271465         	2.1049396515e+05
0.0271907         	2.1048727283e+05
0.0272349         	2.1048081172e+05
0.0272791         	2.1047405454e+05
0.0273233         	2.1046676481e+05
0.0273675         	2.1045904770e+05
0.0274116         	2.1045250973e+05
0.0274558         	2.1044654509e+05
0.0275            	2.1043861744e+05
0.0275391         	2.1043402544e+05
0.0275781         	2.1042804433e+05
0.0276178         	2.1041919197e+05
0.0276575         	2.1041098091e+05
0.0276972         	2.1040212819e+05
0.0277363         	2.1039363393e+05
0.0277753         	2.1038722524e+05
0.0278137         	2.1038001259e+05
0.027852          	2.1037424564e+05
0.0278897         	2.1036809160e+05
0.0279274         	2.1036437368e+05
0.0279644         	2.1036339459e+05
0.0280014         	2.1036388429e+05
0.0280384         	2.1036254082e+05
0.0280747         	2.1036294284e+05
0.0281111         	2.1036859348e+05
0.0281474         	2.1037746723e+05
0.0281837         	2.1038842447e+05
0.02822           	2.1040394279e+05
0.0282556         	2.1042450947e+05
0.0282912         	2.1044909050e+05
0.0283268         	2.1047789334e+05
0.0283624         	2.1050786600e+05
0.028398          	2.1054004069e+05
0.0284329         	2.1057902717e+05
0.0284677         	2.1062194735e+05
0.0285017         	2.1066785038e+05
0.0285358         	2.1071646926e+05
0.0285691         	2.1076766651e+05
0.0286023         	2.1082188507e+05
0.0286356         	2.1087910797e+05
0.0286689         	2.1093864838e+05
0.0287014         	2.1100062647e+05
0.028733          	2.1106379070e+05
0.0287647         	2.1112714424e+05
0.0287956         	2.1119499455e+05
0.0288265         	2.1126424756e+05
0.0288574         	2.1133432564e+05
0.0288874         	2.1140369507e+05
0.0289175         	2.1147417856e+05
0.0289476         	2.1154657658e+05
0.0289768         	2.1161944531e+05
0.029006          	2.1169293315e+05
0.0290336         	2.1176559424e+05
0.0290613         	2.1183903110e+05
0.0290889         	2.1191153006e+05
0.0291157         	2.1198205931e+05
0.0291425         	2.1205046712e+05
0.0291684         	2.1211789312e+05
0.0291953         	2.1218509346e+05
0.0292212         	2.1224974204e+05
0.0292472         	2.1231386096e+05
0.0292723         	2.1237636833e+05
0.0292974         	2.1243691619e+05
0.0293225         	2.1249635974e+05
0.0293476         	2.1255261821e+05
0.0293727         	2.1260758555e+05
0.0293968         	2.1266051986e+05
0.0294209         	2.1271261080e+05
0.029445          	2.1276258769e+05
0.0294692         	2.1281054450e+05
0.0294933         	2.1285752046e+05
0.0295174         	2.1290312807e+05
0.0295416         	2.1294731505e+05
0.029567          	2.1298860044e+05
0.0295925         	2.1302498723e+05
0.029618          	2.1305813855e+05
0.0296418         	2.1309055524e+05
0.0296657         	2.1312074989e+05
0.0296896         	2.1314743302e+05
0.0297135         	2.1317115800e+05
0.0297395         	2.1318900380e+05
0.0297632         	2.1320546726e+05
0.0297869         	2.1321696946e+05
0.0298106         	2.1322609976e+05
0.0298342         	2.1323262085e+05
0.0298579         	2.1323560855e+05
0.0298816         	2.1323517065e+05
0.0299053         	2.1323184964e+05
0.029929          	2.1322497340e+05
0.0299526         	2.1321543545e+05
0.0299763         	2.1320219650e+05
0.03              	2.1318548435e+05
0.030024          	2.1316531446e+05
0.0300483         	2.1314153014e+05
0.0300728         	2.1311361222e+05
0.0300973         	2.1308236639e+05
0.0301216         	2.1304992484e+05
0.0301456         	2.1301461376e+05
0.0301697         	2.1297685391e+05
0.0301937         	2.1293767453e+05
0.030218          	2.1289458846e+05
0.0302425         	2.1284673656e+05
0.0302668         	2.1279643227e+05
0.0302908         	2.1274376520e+05
0.0303148         	2.1268830441e+05
0.0303391         	2.1262956763e+05
0.0303634         	2.1256822604e+05
0.0303879         	2.1250476472e+05
0.0304125         	2.1243892303e+05
0.030437          	2.1237045323e+05
0.0304613         	2.1229994952e+05
0.0304856         	2.1222616128e+05
0.0305096         	2.1215055168e+05
0.0305335         	2.1207296855e+05
0.0305575         	2.1199330284e+05
0.0305815         	2.1191113796e+05
0.0306058         	2.1182477298e+05
0.0306304         	2.1173437407e+05
0.030655          	2.1164326370e+05
0.0306793         	2.1155377213e+05
0.0307032         	2.1146481561e+05
0.0307275         	2.1137117178e+05
0.0307521         	2.1127332584e+05
0.0307767         	2.1117305319e+05
0.030801          	2.1107224376e+05
0.0308253         	2.1096927352e+05
0.0308496         	2.1086365834e+05
0.0308735         	2.1075728847e+05
0.0308974         	2.1064898718e+05
0.0309213         	2.1053932113e+05
0.0309452         	2.1042777926e+05
0.0309695         	2.1031113726e+05
0.0309934         	2.1019595740e+05
0.0310177         	2.1007773927e+05
0.031042          	2.0995817815e+05
0.0310663         	2.0983834831e+05
0.0310906         	2.0971747508e+05
0.0311149         	2.0959472746e+05
0.0311392         	2.0947151884e+05
0.0311635         	2.0934678888e+05
0.0311878         	2.0922089195e+05
0.0312121         	2.0909437299e+05
0.0312364         	2.0896664441e+05
0.0312612         	2.0883480642e+05
0.031286          	2.0870114795e+05
0.0313103         	2.0856942539e+05
0.0313345         	2.0843591109e+05
0.0313583         	2.0830442116e+05
0.0313821         	2.0817185202e+05
0.0314059         	2.0804001610e+05
0.0314302         	2.0790355416e+05
0.0314545         	2.0776615362e+05
0.0314783         	2.0763184405e+05
0.031502          	2.0749723759e+05
0.0315258         	2.0736191116e+05
0.0315496         	2.0722607710e+05
0.0315733         	2.0708999169e+05
0.0315971         	2.0695358645e+05
0.0316209         	2.0681694051e+05
0.0316453         	2.0667382456e+05
0.031669          	2.0653465723e+05
0.0316928         	2.0639436212e+05
0.0317158         	2.0625919698e+05
0.0317389         	2.0612450233e+05
0.0317619         	2.0599093075e+05
0.031785          	2.0585780780e+05
0.0318081         	2.0572482761e+05
0.0318319         	2.0558551109e+05
0.031855          	2.0545160323e+05
0.0318789         	2.0530985706e+05
0.0319019         	2.0517453488e+05
0.0319258         	2.0503268336e+05
0.0319497         	2.0489099043e+05
0.0319736         	2.0474852855e+05
0.0319976         	2.0460662199e+05
0.0320204         	2.0447437254e+05
0.0320444         	2.0433330892e+05
0.0320672         	2.0419988862e+05
0.0320899         	2.0406663623e+05
0.0321127         	2.0393435689e+05
0.0321355         	2.0380182118e+05
0.0321583         	2.0366829769e+05
0.0321811         	2.0353438719e+05
0.0322039         	2.0340101419e+05
0.0322266         	2.0326809209e+05
0.0322494         	2.0313625216e+05
0.0322722         	2.0300535459e+05
0.032295          	2.0287562052e+05
0.0323178         	2.0274686649e+05
0.0323405         	2.0261803074e+05
0.0323633         	2.0248963778e+05
0.0323861         	2.0236095485e+05
0.0324089         	2.0223239211e+05
0.0324317         	2.0210403593e+05
0.0324544         	2.0197653447e+05
0.0324772         	2.0185010345e+05
0.0325            	2.0172418866e+05
0.0325225         	2.0160045410e+05
0.032545          	2.0147741139e+05
0.0325676         	2.0135548301e+05
0.0325901         	2.0123378119e+05
0.0326126         	2.0111213048e+05
0.0326351         	2.0099083978e+05
0.0326574         	2.0087088476e+05
0.03268           	2.0074922354e+05
0.0327025         	2.0062794943e+05
0.0327248         	2.0050885676e+05
0.0327471         	2.0039025100e+05
0.0327694         	2.0027231918e+05
0.0327917         	2.0015506712e+05
0.032814          	2.0003739098e+05
0.0328361         	1.9992180039e+05
0.0328577         	1.9980964468e+05
0.0328794         	1.9969868889e+05
0.032901          	1.9958839820e+05
0.0329227         	1.9947764520e+05
0.0329443         	1.9936682101e+05
0.0329659         	1.9925701615e+05
0.0329873         	1.9914992186e+05
0.033009          	1.9904271047e+05
0.0330306         	1.9893664015e+05
0.0330525         	1.9882902468e+05
0.0330742         	1.9872303454e+05
0.033096          	1.9861527816e+05
0.0331177         	1.9850981797e+05
0.0331393         	1.9840513085e+05
0.0331607         	1.9830292412e+05
0.0331823         	1.9819961917e+05
0.033204          	1.9809585368e+05
0.0332254         	1.9799468406e+05
0.0332465         	1.9789622140e+05
0.0332676         	1.9779930933e+05
0.0332887         	1.9770399473e+05
0.0333099         	1.9760900438e+05
0.033331          	1.9751434273e+05
0.0333521         	1.9742091393e+05
0.0333735         	1.9732657454e+05
0.0333949         	1.9723212724e+05
0.0334163         	1.9713719160e+05
0.0334377         	1.9704155210e+05
0.0334588         	1.9694758844e+05
0.0334799         	1.9685380461e+05
0.0335008         	1.9676195333e+05
0.0335216         	1.9667138860e+05
0.0335427         	1.9658021976e+05
0.0335641         	1.9648830563e+05
0.0335856         	1.9639664529e+05
0.0336067         	1.9630740112e+05
0.0336278         	1.9621895199e+05
0.0336489         	1.9613120538e+05
0.03367           	1.9604341255e+05
0.0336911         	1.9595666776e+05
0.0337122         	1.9587055896e+05
0.0337333         	1.9578559826e+05
0.0337545         	1.9570210201e+05
0.0337756         	1.9561902491e+05
0.0337967         	1.9553665878e+05
0.0338178         	1.9545465295e+05
0.0338389         	1.9537290705e+05
0.03386           	1.9529150123e+05
0.0338811         	1.9521044742e+05
0.0339022         	1.9512884510e+05
0.0339229         	1.9505021090e+05
0.0339441         	1.9496992753e+05
0.0339652         	1.9489035315e+05
0.0339863         	1.9481101710e+05
0.0340074         	1.9473150463e+05
0.0340285         	1.9465173627e+05
0.0340497         	1.9457165823e+05
0.0340708         	1.9449239708e+05
0.0340914         	1.9441578757e+05
0.0341121         	1.9433871023e+05
0.0341327         	1.9426189448e+05
0.0341534         	1.9418524952e+05
0.034174          	1.9410902957e+05
0.0341947         	1.9403260854e+05
0.0342153         	1.9395599147e+05
0.034236          	1.9387896933e+05
0.0342566         	1.9380224075e+05
0.0342773         	1.9372583965e+05
0.0342979         	1.9364990713e+05
0.0343186         	1.9357455496e+05
0.0343392         	1.9349986558e+05
0.0343599         	1.9342513557e+05
0.0343805         	1.9335036416e+05
0.0344012         	1.9327546473e+05
0.0344218         	1.9319991223e+05
0.0344425         	1.9312434840e+05
0.0344631         	1.9304840882e+05
0.0344838         	1.9297242810e+05
0.0345044         	1.9289647034e+05
0.0345251         	1.9282030610e+05
0.0345457         	1.9274380670e+05
0.0345664         	1.9266698748e+05
0.034587          	1.9259066393e+05
0.0346077         	1.9251435259e+05
0.0346283         	1.9243730734e+05
0.034649          	1.9235956741e+05
0.0346696         	1.9228044334e+05
0.0346903         	1.9220147053e+05
0.0347109         	1.9212184285e+05
0.0347316         	1.9204277136e+05
0.0347522         	1.9196301246e+05
0.0347729         	1.9188258294e+05
0.0347935         	1.9180129882e+05
0.0348142         	1.9171886462e+05
0.0348348         	1.9163576842e+05
0.0348555         	1.9155221996e+05
0.0348761         	1.9146849273e+05
0.0348968         	1.9138473473e+05
0.0349174         	1.9130071085e+05
0.0349381         	1.9121701129e+05
0.0349587         	1.9113188274e+05
0.0349794         	1.9104610763e+05
0.035             	1.9095947283e+05
0.0350202         	1.9087448314e+05
0.0350407         	1.9078703945e+05
0.0350612         	1.9069851439e+05
0.0350815         	1.9061045074e+05
0.0351018         	1.9052200077e+05
0.0351221         	1.9043273939e+05
0.0351424         	1.9034253802e+05
0.0351629         	1.9024976041e+05
0.0351834         	1.9015653200e+05
0.0352041         	1.9006147060e+05
0.0352248         	1.8996549476e+05
0.0352455         	1.8986884471e+05
0.0352662         	1.8977100834e+05
0.0352871         	1.8967025751e+05
0.0353077         	1.8956946162e+05
0.0353284         	1.8946577854e+05
0.0353489         	1.8936255008e+05
0.0353692         	1.8925946710e+05
0.0353895         	1.8915659870e+05
0.0354098         	1.8905293858e+05
0.0354301         	1.8894863860e+05
0.0354504         	1.8884403488e+05
0.0354707         	1.8873905310e+05
0.035491          	1.8863323001e+05
0.0355113         	1.8852583064e+05
0.0355318         	1.8841470152e+05
0.035552          	1.8830430508e+05
0.0355723         	1.8819209148e+05
0.0355928         	1.8807803165e+05
0.0356131         	1.8796497148e+05
0.0356334         	1.8785104360e+05
0.0356537         	1.8773626687e+05
0.0356738         	1.8762194395e+05
0.0356938         	1.8750603406e+05
0.0357139         	1.8738871685e+05
0.035734          	1.8727008024e+05
0.0357543         	1.8714882890e+05
0.0357746         	1.8702618499e+05
0.0357949         	1.8690259188e+05
0.0358152         	1.8677683726e+05
0.0358355         	1.8665041227e+05
0.0358555         	1.8652455077e+05
0.0358756         	1.8639830527e+05
0.0358956         	1.8627018887e+05
0.0359157         	1.8614146433e+05
0.0359355         	1.8601384585e+05
0.0359553         	1.8588608402e+05
0.0359751         	1.8575814457e+05
0.0359952         	1.8562740809e+05
0.0360152         	1.8549603777e+05
0.0360353         	1.8536328853e+05
0.0360551         	1.8523119380e+05
0.0360749         	1.8509709036e+05
0.0360947         	1.8496215371e+05
0.0361145         	1.8482678793e+05
0.0361343         	1.8469076685e+05
0.0361544         	1.8455192319e+05
0.0361744         	1.8441332880e+05
0.0361945         	1.8427329657e+05
0.0362146         	1.8413265967e+05
0.0362347         	1.8399014801e+05
0.0362548         	1.8384734158e+05
0.0362745         	1.8370620773e+05
0.0362943         	1.8356485674e+05
0.0363141         	1.8342246496e+05
0.0363338         	1.8328024933e+05
0.0363536         	1.8313765680e+05
0.0363734         	1.8299457015e+05
0.0363928         	1.8285389557e+05
0.0364122         	1.8271234599e+05
0.0364316         	1.8257054167e+05
0.0364511         	1.8242811265e+05
0.0364705         	1.8228539031e+05
0.0364899         	1.8214147603e+05
0.0365093         	1.8199687375e+05
0.0365288         	1.8185102199e+05
0.0365482         	1.8170506834e+05
0.0365676         	1.8155902078e+05
0.036587          	1.8141280387e+05
0.0366065         	1.8126649005e+05
0.0366259         	1.8111953309e+05
0.0366453         	1.8097191530e+05
0.0366647         	1.8082344010e+05
0.0366842         	1.8067386801e+05
0.0367036         	1.8052408937e+05
0.036723          	1.8037406749e+05
0.036742          	1.8022780275e+05
0.0367609         	1.8008143950e+05
0.0367804         	1.7993068714e+05
0.0367993         	1.7978352921e+05
0.0368182         	1.7963615617e+05
0.0368372         	1.7948858225e+05
0.0368561         	1.7934119994e+05
0.0368756         	1.7918875066e+05
0.0368945         	1.7904078945e+05
0.0369141         	1.7888708528e+05
0.036933          	1.7873846343e+05
0.0369519         	1.7858978816e+05
0.0369708         	1.7844143183e+05
0.0369897         	1.7829349201e+05
0.0370086         	1.7814508842e+05
0.0370275         	1.7799669476e+05
0.0370472         	1.7784149300e+05
0.0370669         	1.7768571337e+05
0.0370865         	1.7752907154e+05
0.0371062         	1.7737162881e+05
0.037125          	1.7722231949e+05
0.0371437         	1.7707288046e+05
0.0371625         	1.7692317343e+05
0.0371823         	1.7676379004e+05
0.0372022         	1.7660418003e+05
0.0372208         	1.7645519040e+05
0.0372394         	1.7630635008e+05
0.037258          	1.7615757258e+05
0.0372766         	1.7600867264e+05
0.0372953         	1.7585964939e+05
0.0373139         	1.7571075024e+05
0.0373325         	1.7556267893e+05
0.0373511         	1.7541501050e+05
0.0373697         	1.7526732003e+05
0.0373883         	1.7512019190e+05
0.0374069         	1.7497255468e+05
0.0374255         	1.7482401546e+05
0.0374442         	1.7467525239e+05
0.0374628         	1.7452686606e+05
0.0374814         	1.7437927121e+05
0.0375            	1.7423211223e+05
0.0375194         	1.7407751766e+05
0.0375386         	1.7392471923e+05
0.0375575         	1.7377412808e+05
0.0375765         	1.7362323166e+05
0.0375954         	1.7347221442e+05
0.0376143         	1.7332123301e+05
0.0376334         	1.7316894396e+05
0.0376525         	1.7301718109e+05
0.0376714         	1.7286754429e+05
0.0376904         	1.7271806469e+05
0.0377092         	1.7256984504e+05
0.0377279         	1.7242125514e+05
0.0377467         	1.7227260417e+05
0.0377655         	1.7212407761e+05
0.0377841         	1.7197724440e+05
0.0378029         	1.7182921783e+05
0.0378217         	1.7168194230e+05
0.0378404         	1.7153489995e+05
0.0378592         	1.7138752998e+05
0.037878          	1.7123997901e+05
0.0378968         	1.7109238772e+05
0.0379156         	1.7094465578e+05
0.0379343         	1.7079718393e+05
0.0379531         	1.7064994677e+05
0.0379719         	1.7050216558e+05
0.0379907         	1.7035470396e+05
0.0380095         	1.7020726581e+05
0.0380282         	1.7005974281e+05
0.038047          	1.6991213337e+05
0.0380658         	1.6976470521e+05
0.0380846         	1.6961747516e+05
0.0381033         	1.6946935245e+05
0.0381221         	1.6932134428e+05
0.0381407         	1.6917469451e+05
0.0381593         	1.6902820919e+05
0.0381779         	1.6888186776e+05
0.0381965         	1.6873615997e+05
0.0382151         	1.6859084292e+05
0.0382337         	1.6844485319e+05
0.0382523         	1.6829932575e+05
0.0382709         	1.6815405294e+05
0.0382895         	1.6800852904e+05
0.0383081         	1.6786287917e+05
0.0383264         	1.6771933892e+05
0.038345          	1.6757463533e+05
0.0383636         	1.6742977554e+05
0.0383822         	1.6728489256e+05
0.0384008         	1.6713995471e+05
0.0384194         	1.6699579301e+05
0.038438          	1.6685219314e+05
0.0384566         	1.6670871700e+05
0.038475          	1.6656755914e+05
0.0384934         	1.6642614557e+05
0.0385117         	1.6628505059e+05
0.0385301         	1.6614432463e+05
0.0385485         	1.6600365568e+05
0.0385669         	1.6586316541e+05
0.0385852         	1.6572326578e+05
0.0386036         	1.6558365608e+05
0.038622          	1.6544409679e+05
0.0386403         	1.6530472821e+05
0.0386587         	1.6516584089e+05
0.0386771         	1.6502692525e+05
0.0386955         	1.6488801050e+05
0.0387138         	1.6474957253e+05
0.0387322         	1.6461100081e+05
0.0387506         	1.6447292944e+05
0.038769          	1.6433499897e+05
0.0387873         	1.6419696782e+05
0.0388054         	1.6406144672e+05
0.0388238         	1.6392431043e+05
0.0388422         	1.6378742225e+05
0.0388606         	1.6365025906e+05
0.0388789         	1.6351282898e+05
0.0388973         	1.6337498863e+05
0.0389157         	1.6323677389e+05
0.0389341         	1.6309859011e+05
0.0389525         	1.6296024570e+05
0.0389708         	1.6282195279e+05
0.0389892         	1.6268360823e+05
0.0390076         	1.6254564378e+05
0.039026          	1.6240837634e+05
0.0390443         	1.6227124951e+05
0.0390627         	1.6213431740e+05
0.0390811         	1.6199727059e+05
0.0390995         	1.6186043554e+05
0.0391179         	1.6172409411e+05
0.0391362         	1.6158771747e+05
0.0391546         	1.6145108853e+05
0.039173          	1.6131466998e+05
0.0391914         	1.6117849385e+05
0.0392097         	1.6104217647e+05
0.0392281         	1.6090628209e+05
0.0392465         	1.6077054771e+05
0.0392649         	1.6063460290e+05
0.0392833         	1.6049852719e+05
0.0393016         	1.6036281968e+05
0.03932           	1.6022676461e+05
0.0393384         	1.6009066340e+05
0.0393568         	1.5995443203e+05
0.0393752         	1.5981806619e+05
0.0393935         	1.5968166051e+05
0.0394119         	1.5954540554e+05
0.0394303         	1.5940900703e+05
0.0394487         	1.5927213639e+05
0.0394664         	1.5913990487e+05
0.0394848         	1.5900203019e+05
0.0395026         	1.5886850604e+05
0.039521          	1.5872909849e+05
0.0395395         	1.5858946733e+05
0.0395579         	1.5844972811e+05
0.0395763         	1.5831011996e+05
0.0395947         	1.5817036396e+05
0.0396131         	1.5803085862e+05
0.0396316         	1.5789140457e+05
0.03965           	1.5775178609e+05
0.0396684         	1.5761234435e+05
0.0396868         	1.5747255233e+05
0.0397053         	1.5733263913e+05
0.0397237         	1.5719254680e+05
0.0397421         	1.5705200092e+05
0.0397605         	1.5691131679e+05
0.0397789         	1.5677027477e+05
0.0397974         	1.5662956865e+05
0.0398158         	1.5648838222e+05
0.0398342         	1.5634665866e+05
0.0398526         	1.5620491440e+05
0.039871          	1.5606239715e+05
0.0398895         	1.5591931913e+05
0.0399079         	1.5577564324e+05
0.0399263         	1.5563169228e+05
0.0399447         	1.5548744716e+05
0.0399632         	1.5534296012e+05
0.0399816         	1.5519807330e+05
0.04              	1.5505268542e+05
0.0400177         	1.5491296047e+05
0.0400356         	1.5477207530e+05
0.0400534         	1.5463082349e+05
0.0400712         	1.5449099875e+05
0.0400889         	1.5435130421e+05
0.0401066         	1.5421139521e+05
0.0401245         	1.5407004448e+05
0.0401425         	1.5392703792e+05
0.0401605         	1.5378375478e+05
0.0401785         	1.5364006731e+05
0.0401965         	1.5349598341e+05
0.0402143         	1.5335298211e+05
0.0402322         	1.5321010299e+05
0.04025           	1.5306669795e+05
0.040268          	1.5292153171e+05
0.040286          	1.5277624426e+05
0.040304          	1.5263046937e+05
0.0403219         	1.5248611029e+05
0.0403396         	1.5234298228e+05
0.0403573         	1.5219975281e+05
0.0403749         	1.5205803653e+05
0.0403924         	1.5191635964e+05
0.0404102         	1.5177332167e+05
0.0404279         	1.5163021747e+05
0.0404456         	1.5148720392e+05
0.0404633         	1.5134394960e+05
0.040481          	1.5120055111e+05
0.0404987         	1.5105740693e+05
0.0405164         	1.5091398919e+05
0.0405341         	1.5077054530e+05
0.0405518         	1.5062666293e+05
0.0405695         	1.5048266195e+05
0.0405873         	1.5033800182e+05
0.040605          	1.5019296814e+05
0.0406227         	1.5004769021e+05
0.0406406         	1.4990098635e+05
0.0406584         	1.4975412376e+05
0.0406763         	1.4960672566e+05
0.0406942         	1.4945883536e+05
0.0407121         	1.4931080877e+05
0.04073           	1.4916297716e+05
0.0407477         	1.4901696656e+05
0.0407654         	1.4887099813e+05
0.0407832         	1.4872314021e+05
0.0408011         	1.4857486973e+05
0.0408192         	1.4842462608e+05
0.0408371         	1.4827572709e+05
0.040855          	1.4812680688e+05
0.0408726         	1.4797992908e+05
0.0408903         	1.4783314937e+05
0.040908          	1.4768609971e+05
0.0409257         	1.4753898499e+05
0.0409434         	1.4739204406e+05
0.0409611         	1.4724489709e+05
0.0409788         	1.4709755215e+05
0.0409965         	1.4695009694e+05
0.0410142         	1.4680282282e+05
0.0410318         	1.4665565573e+05
0.0410495         	1.4650835898e+05
0.0410674         	1.4635898174e+05
0.0410851         	1.4621115783e+05
0.0411028         	1.4606274592e+05
0.0411205         	1.4591419580e+05
0.0411382         	1.4576550973e+05
0.0411559         	1.4561652752e+05
0.0411736         	1.4546789639e+05
0.0411912         	1.4531954964e+05
0.0412087         	1.4517328915e+05
0.0412261         	1.4502723293e+05
0.0412436         	1.4488130598e+05
0.041261          	1.4473507545e+05
0.0412785         	1.4458889770e+05
0.0412959         	1.4444258898e+05
0.0413134         	1.4429599322e+05
0.0413308         	1.4414992521e+05
0.0413486         	1.4400150663e+05
0.0413663         	1.4385292105e+05
0.041384          	1.4370411335e+05
0.0414017         	1.4355526019e+05
0.0414194         	1.4340676055e+05
0.0414368         	1.4326120499e+05
0.0414543         	1.4311620749e+05
0.0414717         	1.4297143268e+05
0.0414891         	1.4282626351e+05
0.0415066         	1.4268097624e+05
0.041524          	1.4253541694e+05
0.0415414         	1.4238974662e+05
0.0415592         	1.4224119817e+05
0.0415766         	1.4209557021e+05
0.041594          	1.4195033948e+05
0.0416114         	1.4180543780e+05
0.0416289         	1.4166023637e+05
0.0416463         	1.4151501270e+05
0.0416637         	1.4136968419e+05
0.0416811         	1.4122424147e+05
0.0416986         	1.4107879833e+05
0.041716          	1.4093330980e+05
0.0417334         	1.4078827278e+05
0.0417508         	1.4064369633e+05
0.0417682         	1.4049966134e+05
0.0417857         	1.4035598588e+05
0.0418031         	1.4021243083e+05
0.0418205         	1.4006928779e+05
0.0418379         	1.3992629447e+05
0.0418554         	1.3978355751e+05
0.0418728         	1.3964155000e+05
0.0418902         	1.3949928233e+05
0.0419076         	1.3935670539e+05
0.041925          	1.3921399364e+05
0.0419425         	1.3907117039e+05
0.0419599         	1.3892824665e+05
0.0419773         	1.3878556941e+05
0.0419947         	1.3864287891e+05
0.0420122         	1.3850092202e+05
0.0420296         	1.3835921428e+05
0.042047          	1.3821794159e+05
0.0420644         	1.3807711431e+05
0.0420819         	1.3793647955e+05
0.0420993         	1.3779568821e+05
0.0421167         	1.3765468565e+05
0.0421341         	1.3751376281e+05
0.0421515         	1.3737321890e+05
0.042169          	1.3723271527e+05
0.0421864         	1.3709231586e+05
0.0422038         	1.3695187694e+05
0.0422212         	1.3681170371e+05
0.0422387         	1.3667182951e+05
0.0422561         	1.3653240087e+05
0.0422735         	1.3639340550e+05
0.0422909         	1.3625494877e+05
0.0423083         	1.3611670109e+05
0.0423258         	1.3597887115e+05
0.0423432         	1.3584115219e+05
0.0423606         	1.3570360611e+05
0.042378          	1.3556616679e+05
0.0423955         	1.3542923029e+05
0.0424129         	1.3529275045e+05
0.0424303         	1.3515657796e+05
0.0424477         	1.3502087272e+05
0.0424652         	1.3488545215e+05
0.0424826         	1.3475018841e+05
0.0425            	1.3461504930e+05
0.0425179         	1.3447649796e+05
0.0425357         	1.3433840469e+05
0.0425537         	1.3419925236e+05
0.0425718         	1.3405918298e+05
0.0425899         	1.3391888020e+05
0.0426079         	1.3377974554e+05
0.0426259         	1.3364078799e+05
0.0426439         	1.3350202588e+05
0.0426619         	1.3336358482e+05
0.0426799         	1.3322538944e+05
0.0426979         	1.3308760767e+05
0.0427157         	1.3295113342e+05
0.0427335         	1.3281475338e+05
0.0427515         	1.3267783882e+05
0.0427695         	1.3254108674e+05
0.0427877         	1.3240315564e+05
0.0428056         	1.3226690236e+05
0.0428236         	1.3213093621e+05
0.0428416         	1.3199526821e+05
0.0428596         	1.3185988975e+05
0.0428776         	1.3172499057e+05
0.0428956         	1.3159043030e+05
0.0429137         	1.3145495649e+05
0.0429317         	1.3132087878e+05
0.0429497         	1.3118699506e+05
0.0429677         	1.3105344994e+05
0.0429858         	1.3091935230e+05
0.043004          	1.3078601746e+05
0.0430223         	1.3065200981e+05
0.0430406         	1.3051796703e+05
0.0430587         	1.3038529241e+05
0.0430769         	1.3025283828e+05
0.043095          	1.3012055988e+05
0.0431132         	1.2998851120e+05
0.0431313         	1.2985711972e+05
0.0431494         	1.2972612756e+05
0.0431676         	1.2959511483e+05
0.0431859         	1.2946279333e+05
0.0432042         	1.2933030282e+05
0.0432226         	1.2919790920e+05
0.0432409         	1.2906593943e+05
0.0432592         	1.2893414858e+05
0.0432775         	1.2880239066e+05
0.0432959         	1.2867090536e+05
0.0433142         	1.2853964011e+05
0.0433325         	1.2840873251e+05
0.0433508         	1.2827873151e+05
0.0433694         	1.2814779483e+05
0.0433879         	1.2801684442e+05
0.0434064         	1.2788612487e+05
0.0434252         	1.2775413853e+05
0.0434439         	1.2762241187e+05
0.0434624         	1.2749255851e+05
0.043481          	1.2736270612e+05
0.0434995         	1.2723296919e+05
0.043518          	1.2710365133e+05
0.0435365         	1.2697485856e+05
0.0435551         	1.2684681855e+05
0.0435736         	1.2671919490e+05
0.0435921         	1.2659176878e+05
0.0436106         	1.2646464523e+05
0.0436292         	1.2633779517e+05
0.0436477         	1.2621152378e+05
0.0436662         	1.2608589103e+05
0.043685          	1.2595859596e+05
0.0437038         	1.2583131482e+05
0.0437226         	1.2570437587e+05
0.0437414         	1.2557780691e+05
0.0437601         	1.2545138464e+05
0.0437789         	1.2532562952e+05
0.0437977         	1.2520013488e+05
0.0438165         	1.2507509903e+05
0.0438353         	1.2495048682e+05
0.0438541         	1.2482625948e+05
0.0438729         	1.2470281414e+05
0.0438916         	1.2457992056e+05
0.0439104         	1.2445720671e+05
0.0439292         	1.2433461294e+05
0.043948          	1.2421207716e+05
0.0439668         	1.2408995552e+05
0.0439859         	1.2396617083e+05
0.0440047         	1.2384506997e+05
0.0440235         	1.2372446257e+05
0.0440423         	1.2360378937e+05
0.044061          	1.2348326273e+05
0.0440798         	1.2336286985e+05
0.0440986         	1.2324258075e+05
0.0441178         	1.2311987029e+05
0.044137          	1.2299725563e+05
0.0441561         	1.2287484666e+05
0.0441753         	1.2275297998e+05
0.0441945         	1.2263142441e+05
0.0442141         	1.2250697292e+05
0.0442338         	1.2238283169e+05
0.0442534         	1.2225937429e+05
0.0442731         	1.2213698694e+05
0.0442922         	1.2201842701e+05
0.0443113         	1.2190075168e+05
0.044331          	1.2177987102e+05
0.0443507         	1.2165914907e+05
0.0443698         	1.2154196040e+05
0.0443889         	1.2142489481e+05
0.044408          	1.2130795962e+05
0.0444271         	1.2119115745e+05
0.0444468         	1.2107113733e+05
0.0444666         	1.2095152142e+05
0.0444863         	1.2083244332e+05
0.0445061         	1.2071404556e+05
0.0445259         	1.2059560829e+05
0.0445456         	1.2047721959e+05
0.0445654         	1.2035872703e+05
0.0445851         	1.2024016882e+05
0.0446049         	1.2012240825e+05
0.0446246         	1.2000503302e+05
0.0446444         	1.1988774758e+05
0.0446641         	1.1977068926e+05
0.0446839         	1.1965402858e+05
0.0447037         	1.1953746223e+05
0.0447234         	1.1942095559e+05
0.0447432         	1.1930466202e+05
0.0447629         	1.1918845461e+05
0.0447827         	1.1907219243e+05
0.0448024         	1.1895603806e+05
0.0448222         	1.1883995676e+05
0.044842          	1.1872380944e+05
0.0448617         	1.1860770911e+05
0.0448815         	1.1849173440e+05
0.0449012         	1.1837615213e+05
0.044921          	1.1826140147e+05
0.0449407         	1.1814706937e+05
0.0449605         	1.1803349999e+05
0.0449802         	1.1792014747e+05
0.045             	1.1780720010e+05
0.0450198         	1.1769425106e+05
0.0450397         	1.1758169645e+05
0.0450595         	1.1746942171e+05
0.0450794         	1.1735717391e+05
0.0450992         	1.1724500687e+05
0.045119          	1.1713280843e+05
0.0451391         	1.1701961723e+05
0.0451591         	1.1690644761e+05
0.0451791         	1.1679380081e+05
0.0451991         	1.1668119080e+05
0.0452191         	1.1656865875e+05
0.0452391         	1.1645633782e+05
0.0452593         	1.1634310254e+05
0.0452795         	1.1622979406e+05
0.0452997         	1.1611634692e+05
0.0453198         	1.1600287241e+05
0.0453402         	1.1588841943e+05
0.0453606         	1.1577456893e+05
0.045381          	1.1566104516e+05
0.0454013         	1.1554772083e+05
0.0454217         	1.1543482714e+05
0.0454421         	1.1532221413e+05
0.0454625         	1.1520984254e+05
0.0454828         	1.1509760486e+05
0.0455034         	1.1498428800e+05
0.045524          	1.1487084972e+05
0.0455446         	1.1475781942e+05
0.0455652         	1.1464514790e+05
0.0455858         	1.1453270745e+05
0.0456063         	1.1442046508e+05
0.0456269         	1.1430871239e+05
0.0456475         	1.1419744244e+05
0.0456681         	1.1408639593e+05
0.0456887         	1.1397550023e+05
0.0457095         	1.1386348737e+05
0.0457303         	1.1375170695e+05
0.0457511         	1.1364021894e+05
0.045772          	1.1352895122e+05
0.045793          	1.1341673127e+05
0.0458141         	1.1330468723e+05
0.0458352         	1.1319250966e+05
0.0458563         	1.1308021453e+05
0.0458773         	1.1296813947e+05
0.0458984         	1.1285649602e+05
0.0459195         	1.1274510763e+05
0.0459405         	1.1263397376e+05
0.0459616         	1.1252319847e+05
0.0459827         	1.1241294942e+05
0.0460041         	1.1230112224e+05
0.0460254         	1.1219011341e+05
0.0460468         	1.1207942171e+05
0.0460682         	1.1196884936e+05
0.0460899         	1.1185663326e+05
0.0461116         	1.1174453092e+05
0.0461333         	1.1163249241e+05
0.046155          	1.1152020745e+05
0.046177          	1.1140625339e+05
0.0461991         	1.1129284284e+05
0.0462211         	1.1117961901e+05
0.0462432         	1.1106644975e+05
0.0462656         	1.1095146451e+05
0.046288          	1.1083665776e+05
0.0463105         	1.1072211881e+05
0.0463329         	1.1060796122e+05
0.0463554         	1.1049416995e+05
0.0463778         	1.1038047160e+05
0.0464007         	1.1026434840e+05
0.0464236         	1.1014811796e+05
0.0464465         	1.1003212532e+05
0.0464694         	1.0991653412e+05
0.0464923         	1.0980146283e+05
0.0465152         	1.0968673293e+05
0.0465381         	1.0957209527e+05
0.0465616         	1.0945473692e+05
0.046585          	1.0933769729e+05
0.0466085         	1.0922105787e+05
0.046632          	1.0910503674e+05
0.0466554         	1.0899016376e+05
0.0466789         	1.0887592589e+05
0.0467023         	1.0876197862e+05
0.0467258         	1.0864828162e+05
0.0467493         	1.0853483668e+05
0.0467727         	1.0842151713e+05
0.0467962         	1.0830840189e+05
0.0468205         	1.0819139846e+05
0.0468447         	1.0807419395e+05
0.046869          	1.0795690907e+05
0.0468933         	1.0784010279e+05
0.0469175         	1.0772366385e+05
0.0469418         	1.0760778656e+05
0.0469661         	1.0749248653e+05
0.0469903         	1.0737786980e+05
0.0470146         	1.0726352257e+05
0.0470402         	1.0714364368e+05
0.0470657         	1.0702413149e+05
0.0470913         	1.0690487744e+05
0.0471168         	1.0678623135e+05
0.0471423         	1.0666819406e+05
0.0471679         	1.0655078574e+05
0.0471934         	1.0643380053e+05
0.047219          	1.0631712089e+05
0.0472445         	1.0620086908e+05
0.0472701         	1.0608541637e+05
0.0472956         	1.0597032175e+05
0.0473212         	1.0585592316e+05
0.0473467         	1.0574226723e+05
0.0473723         	1.0562874907e+05
0.0473978         	1.0551538433e+05
0.0474234         	1.0540222103e+05
0.0474489         	1.0528962491e+05
0.0474745         	1.0517802461e+05
0.0475            	1.0506683695e+05
0.0475269         	1.0495043966e+05
0.0475541         	1.0483335617e+05
0.0475812         	1.0471670530e+05
0.0476087         	1.0459904877e+05
0.0476362         	1.0448183260e+05
0.047664          	1.0436421310e+05
0.0476918         	1.0424734170e+05
0.04772           	1.0412965987e+05
0.0477481         	1.0401246857e+05
0.0477766         	1.0389418874e+05
0.0478051         	1.0377636354e+05
0.047834          	1.0365793134e+05
0.0478633         	1.0353875959e+05
0.047893          	1.0341853688e+05
0.0479226         	1.0329902416e+05
0.0479523         	1.0318040512e+05
0.0479824         	1.0306109149e+05
0.0480125         	1.0294301663e+05
0.0480427         	1.0282570037e+05
0.0480732         	1.0270716374e+05
0.0481038         	1.0258946739e+05
0.0481349         	1.0247064087e+05
0.048166          	1.0235263663e+05
0.0481976         	1.0223320249e+05
0.0482292         	1.0211476415e+05
0.0482614         	1.0199518045e+05
0.0482936         	1.0187641360e+05
0.0483264         	1.0175611247e+05
0.0483593         	1.0163724119e+05
0.0483927         	1.0151668270e+05
0.0484262         	1.0139777770e+05
0.0484597         	1.0127969117e+05
0.0484939         	1.0116031589e+05
0.0485282         	1.0104189964e+05
0.0485624         	1.0092512980e+05
0.0485975         	1.0080637934e+05
0.0486325         	1.0068901898e+05
0.0486676         	1.0057226552e+05
0.0487036         	1.0045390711e+05
0.0487396         	1.0033653883e+05
0.0487756         	1.0022042313e+05
0.0488116         	1.0010617729e+05
0.0488488         	9.9989835610e+04
0.0488859         	9.9874439164e+04
0.048923          	9.9760132821e+04
0.0489615         	9.9643198421e+04
0.049             	9.9527537077e+04
0.0490384         	9.9413194399e+04
0.0490769         	9.9300646115e+04
0.049117          	9.9184573046e+04
0.0491572         	9.9070064740e+04
0.0491973         	9.8957068045e+04
0.0492374         	9.8845473718e+04
0.0492798         	9.8729579319e+04
0.0493222         	9.8614812513e+04
0.0493645         	9.8501742670e+04
0.0494069         	9.8390588166e+04
0.0494493         	9.8282032366e+04
0.0494952         	9.8166128537e+04
0.049541          	9.8052138102e+04
0.0495869         	9.7940638721e+04
0.0496328         	9.7831792271e+04
0.0496787         	9.7725168726e+04
0.0497246         	9.7620037729e+04
0.0497705         	9.7516905275e+04
0.0498164         	9.7414982245e+04
0.0498623         	9.7315168164e+04
0.0499082         	9.7217609731e+04
0.0499541         	9.7121691717e+04
0.05              	9.7027502701e+04
0.050051          	9.6924804263e+04
0.0501043         	9.6819640675e+04
0.0501587         	9.6714645363e+04
0.0502132         	9.6611625342e+04
0.0502689         	9.6508608188e+04
0.0503261         	9.6405577702e+04
0.0503849         	9.6302361057e+04
0.0504436         	9.6201827863e+04
0.0505041         	9.6100828768e+04
0.0505646         	9.6003180712e+04
0.050627          	9.5906015787e+04
0.0506916         	9.5809407870e+04
0.0507562         	9.5716056031e+04
0.0508233         	9.5620749766e+04
0.0508931         	9.5524557675e+04
0.050963          	9.5431666898e+04
0.0510362         	9.5336797680e+04
0.0511094         	9.5245917437e+04
0.0511866         	9.5154907722e+04
0.0512639         	9.5068062951e+04
0.0513463         	9.4979618174e+04
0.0514287         	9.4895570440e+04
0.051518          	9.4808798376e+04
0.0516073         	9.4727276910e+04
0.0517065         	9.4644400673e+04
0.0518056         	9.4569156159e+04
0.0519048         	9.4501578981e+04
0.0520239         	9.4427551684e+04
0.0521429         	9.4362915053e+04
0.0522619         	9.4308510559e+04
0.052381          	9.4263763178e+04
0.0525            	9.4229705191e+04
0.0526316         	9.4204467711e+04
0.0527796         	9.4190631312e+04
0.0529504         	9.4196403535e+04
0.0531367         	9.4230172527e+04
0.0533438         	9.4301393728e+04
0.0535278         	9.4393075903e+04
0.053675          	9.4485805622e+04
0.0538222         	9.4594308626e+04
0.0539531         	9.4703281576e+04
0.0540694         	9.4809138707e+04
0.0541728         	9.4911550574e+04
0.0542647         	9.5007695623e+04
0.0543464         	9.5097375086e+04
0.0544281         	9.5191657121e+04
0.0544996         	9.5278244636e+04
0.0545711         	9.5369875082e+04
0.0546426         	9.5465873914e+04
0.0547141         	9.5565066718e+04
0.0547712         	9.5646238572e+04
0.0548284         	9.5729540018e+04
0.0548856         	9.5815098298e+04
0.0549428         	9.5903291369e+04
0.055             	9.5993794236e+04
0.0550521         	9.6078023551e+04
0.0551031         	9.6162093729e+04
0.055152          	9.6244651887e+04
0.0551999         	9.6327574508e+04
0.0552469         	9.6410587734e+04
0.0552919         	9.6491852682e+04
0.0553361         	9.6572835000e+04
0.0553785         	9.6651439835e+04
0.0554201         	9.6729382151e+04
0.0554609         	9.6806908657e+04
0.0555009         	9.6883989776e+04
0.0555393         	9.6959163392e+04
0.055577          	9.7034207590e+04
0.055614          	9.7109335033e+04
0.0556503         	9.7183100167e+04
0.0556858         	9.7256813572e+04
0.0557207         	9.7329585635e+04
0.0557549         	9.7401562731e+04
0.0557885         	9.7472519938e+04
0.0558214         	9.7542818939e+04
0.0558537         	9.7612526474e+04
0.0558854         	9.7681562381e+04
0.0559164         	9.7749934719e+04
0.0559469         	9.7817550589e+04
0.0559773         	9.7885570619e+04
0.0560072         	9.7952955743e+04
0.0560364         	9.8019442834e+04
0.0560657         	9.8086403657e+04
0.0560944         	9.8152561643e+04
0.0561225         	9.8217821352e+04
0.0561506         	9.8283493376e+04
0.0561782         	9.8348289391e+04
0.0562057         	9.8413682065e+04
0.0562327         	9.8478324572e+04
0.0562596         	9.8543359803e+04
0.0562866         	9.8608844213e+04
0.056313          	9.8673104587e+04
0.0563394         	9.8737609976e+04
0.0563657         	9.8802267610e+04
0.0563921         	9.8867376672e+04
0.0564179         	9.8931417263e+04
0.0564436         	9.8996001694e+04
0.0564694         	9.9060974009e+04
0.0564952         	9.9126282983e+04
0.0565209         	9.9191759873e+04
0.056546          	9.9255865740e+04
0.0565711         	9.9320186390e+04
0.0565962         	9.9384809113e+04
0.0566214         	9.9449612876e+04
0.0566465         	9.9514548485e+04
0.0566716         	9.9579894768e+04
0.0566967         	9.9645444288e+04
0.0567218         	9.9711302826e+04
0.0567461         	9.9775338491e+04
0.0567704         	9.9839464824e+04
0.0567947         	9.9903752848e+04
0.056819          	9.9968265017e+04
0.0568434         	1.0003302920e+05
0.0568677         	1.0009803914e+05
0.056892          	1.0016322664e+05
0.0569163         	1.0022857809e+05
0.0569406         	1.0029406307e+05
0.056965          	1.0035959279e+05
0.0569893         	1.0042524560e+05
0.0570136         	1.0049109762e+05
0.0570379         	1.0055694912e+05
0.0570622         	1.0062269306e+05
0.0570866         	1.0068847335e+05
0.0571109         	1.0075439634e+05
0.0571352         	1.0082034521e+05
0.0571595         	1.0088622961e+05
0.0571838         	1.0095187244e+05
0.0572082         	1.0101752836e+05
0.0572325         	1.0108334414e+05
0.0572568         	1.0114918533e+05
0.0572811         	1.0121504628e+05
0.0573054         	1.0128089059e+05
0.0573298         	1.0134651509e+05
0.0573541         	1.0141200409e+05
0.0573784         	1.0147730320e+05
0.0574027         	1.0154247841e+05
0.057427          	1.0160743043e+05
0.0574514         	1.0167231450e+05
0.0574757         	1.0173720768e+05
0.0575            	1.0180203654e+05
0.0575238         	1.0186540888e+05
0.0575479         	1.0192939939e+05
0.0575719         	1.0199338878e+05
0.0575959         	1.0205747214e+05
0.05762           	1.0212168225e+05
0.0576443         	1.0218651744e+05
0.0576685         	1.0225125827e+05
0.0576928         	1.0231568049e+05
0.0577171         	1.0237984774e+05
0.0577414         	1.0244382531e+05
0.0577657         	1.0250781675e+05
0.05779           	1.0257176575e+05
0.057814          	1.0263481845e+05
0.057838          	1.0269772545e+05
0.057862          	1.0276066195e+05
0.0578861         	1.0282348571e+05
0.0579101         	1.0288594884e+05
0.0579341         	1.0294833816e+05
0.0579581         	1.0301060420e+05
0.0579824         	1.0307338875e+05
0.0580067         	1.0313598157e+05
0.0580311         	1.0319835372e+05
0.0580554         	1.0326055431e+05
0.0580797         	1.0332275118e+05
0.058104          	1.0338480359e+05
0.0581283         	1.0344666379e+05
0.0581526         	1.0350825305e+05
0.0581769         	1.0356946601e+05
0.0582012         	1.0363043185e+05
0.0582255         	1.0369105833e+05
0.0582498         	1.0375149705e+05
0.0582741         	1.0381173250e+05
0.0582984         	1.0387165246e+05
0.0583231         	1.0393212758e+05
0.0583478         	1.0399229368e+05
0.0583724         	1.0405249711e+05
0.0583971         	1.0411270872e+05
0.0584217         	1.0417265569e+05
0.0584464         	1.0423250404e+05
0.0584711         	1.0429224461e+05
0.0584957         	1.0435180257e+05
0.0585204         	1.0441115736e+05
0.058545          	1.0447011423e+05
0.0585697         	1.0452877953e+05
0.0585944         	1.0458701890e+05
0.058619          	1.0464469721e+05
0.0586441         	1.0470304860e+05
0.0586692         	1.0476087783e+05
0.0586943         	1.0481827508e+05
0.0587195         	1.0487543564e+05
0.0587451         	1.0493377261e+05
0.0587707         	1.0499180877e+05
0.0587963         	1.0504927794e+05
0.0588219         	1.0510619649e+05
0.0588481         	1.0516381326e+05
0.0588743         	1.0522088122e+05
0.0589004         	1.0527729045e+05
0.0589273         	1.0533443656e+05
0.0589541         	1.0539092453e+05
0.0589809         	1.0544700186e+05
0.0590084         	1.0550401135e+05
0.059036          	1.0556053618e+05
0.0590635         	1.0561651873e+05
0.0590911         	1.0567190174e+05
0.0591186         	1.0572690379e+05
0.059147          	1.0578315922e+05
0.0591755         	1.0583891922e+05
0.0592039         	1.0589397540e+05
0.0592323         	1.0594836904e+05
0.0592619         	1.0600435978e+05
0.0592914         	1.0605987108e+05
0.0593209         	1.0611491221e+05
0.0593504         	1.0616928535e+05
0.05938           	1.0622299717e+05
0.059411          	1.0627852518e+05
0.059442          	1.0633331615e+05
0.059473          	1.0638755782e+05
0.059504          	1.0644083143e+05
0.059535          	1.0649401021e+05
0.0595682         	1.0655007236e+05
0.0596014         	1.0660507388e+05
0.0596346         	1.0665930845e+05
0.0596678         	1.0671226219e+05
0.0597011         	1.0676437670e+05
0.0597343         	1.0681552432e+05
0.0597675         	1.0686545130e+05
0.0598062         	1.0692226830e+05
0.059845          	1.0697793967e+05
0.0598837         	1.0703266275e+05
0.0599225         	1.0708578629e+05
0.0599612         	1.0713731202e+05
0.06              	1.0718705878e+05
0.0600424         	1.0724007627e+05
0.0600863         	1.0729272512e+05
0.0601318         	1.0734532344e+05
0.0601792         	1.0739799884e+05
0.0602285         	1.0744993128e+05
0.0602814         	1.0750432598e+05
0.0603355         	1.0755812256e+05
0.0603924         	1.0761177648e+05
0.0604527         	1.0766487436e+05
0.0605147         	1.0771595351e+05
0.0605767         	1.0776330350e+05
0.0606408         	1.0780931880e+05
0.0607072         	1.0785250054e+05
0.0607762         	1.0789257247e+05
0.0608452         	1.0792848032e+05
0.0609171         	1.0796016771e+05
0.0609925         	1.0798831972e+05
0.0610679         	1.0801072026e+05
0.0611474         	1.0803030161e+05
0.061227          	1.0804399537e+05
0.0613118         	1.0805229728e+05
0.0613967         	1.0805218788e+05
0.0614887         	1.0804216520e+05
0.0615806         	1.0802280582e+05
0.0616725         	1.0799587756e+05
0.0617645         	1.0795992949e+05
0.0618564         	1.0791409824e+05
0.0619484         	1.0785891128e+05
0.0620272         	1.0780535729e+05
0.062106          	1.0774533619e+05
0.0621848         	1.0767991388e+05
0.0622636         	1.0760819234e+05
0.0623424         	1.0752968085e+05
0.0624212         	1.0744638611e+05
0.0625            	1.0735836305e+05
0.0625758         	1.0726938798e+05
0.0626492         	1.0717890707e+05
0.0627227         	1.0708445526e+05
0.0627938         	1.0698924148e+05
0.0628628         	1.0689231974e+05
0.0629317         	1.0679350928e+05
0.0629985         	1.0669435418e+05
0.0630652         	1.0659195489e+05
0.0631297         	1.0649059989e+05
0.0631942         	1.0638643258e+05
0.0632564         	1.0628311451e+05
0.0633187         	1.0617773044e+05
0.0633787         	1.0607457848e+05
0.0634388         	1.0596992714e+05
0.0634988         	1.0586372701e+05
0.0635566         	1.0576010428e+05
0.0636143         	1.0565472307e+05
0.063672          	1.0554735143e+05
0.0637298         	1.0543733852e+05
0.063785          	1.0533032935e+05
0.0638402         	1.0522174772e+05
0.0638955         	1.0511176357e+05
0.0639507         	1.0500066448e+05
0.0640059         	1.0488803410e+05
0.0640611         	1.0477410476e+05
0.0641164         	1.0465942377e+05
0.0641716         	1.0454393568e+05
0.0642268         	1.0442775694e+05
0.0642821         	1.0431068890e+05
0.0643373         	1.0419313053e+05
0.0643925         	1.0407479242e+05
0.0644477         	1.0395676613e+05
0.064503          	1.0383842199e+05
0.0645582         	1.0371927801e+05
0.0646134         	1.0359924205e+05
0.0646686         	1.0347866408e+05
0.0647239         	1.0335793865e+05
0.0647791         	1.0323704181e+05
0.0648343         	1.0311572620e+05
0.0648895         	1.0299423538e+05
0.0649448         	1.0287263205e+05
0.065             	1.0275107484e+05
0.0650543         	1.0263144092e+05
0.0651087         	1.0251138581e+05
0.0651643         	1.0238793855e+05
0.0652199         	1.0226470404e+05
0.0652755         	1.0214155885e+05
0.0653311         	1.0201890350e+05
0.0653882         	1.0189330807e+05
0.0654453         	1.0176825601e+05
0.0655024         	1.0164397649e+05
0.0655594         	1.0152046447e+05
0.0656165         	1.0139682640e+05
0.0656736         	1.0127281188e+05
0.0657307         	1.0114943116e+05
0.0657877         	1.0102646636e+05
0.0658448         	1.0090356587e+05
0.0659019         	1.0078145704e+05
0.065959          	1.0065987796e+05
0.066016          	1.0053911766e+05
0.0660731         	1.0041947007e+05
0.0661302         	1.0030010541e+05
0.0661898         	1.0017563538e+05
0.0662493         	1.0005183602e+05
0.0663089         	9.9928583672e+04
0.0663684         	9.9806397068e+04
0.066428          	9.9685079268e+04
0.0664875         	9.9564813071e+04
0.0665471         	9.9445426708e+04
0.0666066         	9.9327380310e+04
0.0666662         	9.9210049215e+04
0.0667258         	9.9093537677e+04
0.0667853         	9.8978397346e+04
0.0668449         	9.8864524296e+04
0.0669044         	9.8751882129e+04
0.066964          	9.8640731862e+04
0.0670235         	9.8530826220e+04
0.0670831         	9.8422035579e+04
0.0671427         	9.8315070569e+04
0.0672022         	9.8209671190e+04
0.0672618         	9.8105652383e+04
0.0673213         	9.8003490097e+04
0.0673809         	9.7902822357e+04
0.0674404         	9.7803581992e+04
0.0675            	9.7706484573e+04
0.0675658         	9.7601743849e+04
0.0676353         	9.7492611777e+04
0.0677049         	9.7386230786e+04
0.0677744         	9.7281854710e+04
0.0678462         	9.7176819851e+04
0.067918          	9.7074319799e+04
0.0679898         	9.6974153295e+04
0.0680643         	9.6873217112e+04
0.0681387         	9.6775730499e+04
0.0682163         	9.6677497213e+04
0.0682938         	9.6582828447e+04
0.0683714         	9.6491300456e+04
0.0684528         	9.6398468045e+04
0.0685342         	9.6309415813e+04
0.0686205         	9.6219130030e+04
0.0687067         	9.6132461528e+04
0.0687929         	9.6049673165e+04
0.0688858         	9.5964826286e+04
0.0689786         	9.5885429550e+04
0.0690715         	9.5812321432e+04
0.0691746         	9.5737685900e+04
0.0692778         	9.5668450167e+04
0.069381          	9.5604905252e+04
0.0695048         	9.5537710138e+04
0.0696286         	9.5479444448e+04
0.0697524         	9.5430927759e+04
0.0698762         	9.5392321887e+04
0.07              	9.5363680402e+04
0.0701389         	9.5343779948e+04
0.0702963         	9.5337338979e+04
0.0704658         	9.5348039820e+04
0.0706507         	9.5380017502e+04
0.0708357         	9.5432272134e+04
0.0710021         	9.5495892074e+04
0.0711685         	9.5574507779e+04
0.0713165         	9.5656244539e+04
0.0714644         	9.5750708775e+04
0.0716124         	9.5859576941e+04
0.0717603         	9.5980975781e+04
0.0718836         	9.6090038425e+04
0.0720069         	9.6207620914e+04
0.0721055         	9.6306201711e+04
0.0722041         	9.6410678574e+04
0.0723027         	9.6520974703e+04
0.0724014         	9.6635946481e+04
0.0725            	9.6755526828e+04
0.0725758         	9.6850178077e+04
0.0726492         	9.6944568378e+04
0.0727205         	9.7038412550e+04
0.0727895         	9.7131443553e+04
0.0728565         	9.7224498129e+04
0.0729215         	9.7316719640e+04
0.0729845         	9.7407841337e+04
0.0730455         	9.7497707225e+04
0.0731048         	9.7586692097e+04
0.073164          	9.7677160379e+04
0.0732214         	9.7766515080e+04
0.0732769         	9.7854923223e+04
0.0733308         	9.7941520683e+04
0.073383          	9.8026640135e+04
0.0734351         	9.8113060274e+04
0.0734856         	9.8197566847e+04
0.0735361         	9.8282562588e+04
0.0735849         	9.8365425696e+04
0.073632          	9.8446417792e+04
0.0736792         	9.8528392795e+04
0.0737248         	9.8607609565e+04
0.0737687         	9.8684677728e+04
0.0738127         	9.8762349749e+04
0.0738551         	9.8837923888e+04
0.0738975         	9.8914224309e+04
0.0739399         	9.8991416977e+04
0.0739807         	9.9066306350e+04
0.0740215         	9.9141830469e+04
0.0740606         	9.9214888659e+04
0.0740997         	9.9288735046e+04
0.0741389         	9.9363163452e+04
0.0741763         	9.9434855053e+04
0.0742138         	9.9507027159e+04
0.0742512         	9.9579704350e+04
0.0742886         	9.9652702631e+04
0.0743261         	9.9725898253e+04
0.0743616         	9.9795393842e+04
0.074397          	9.9865196940e+04
0.0744325         	9.9935311823e+04
0.074468          	1.0000582380e+05
0.0745034         	1.0007681204e+05
0.0745389         	1.0014807541e+05
0.0745744         	1.0021972688e+05
0.0746098         	1.0029153825e+05
0.0746453         	1.0036367210e+05
0.0746808         	1.0043618467e+05
0.0747162         	1.0050888614e+05
0.0747517         	1.0058168845e+05
0.0747872         	1.0065450477e+05
0.0748227         	1.0072732527e+05
0.0748581         	1.0080011168e+05
0.0748936         	1.0087291514e+05
0.0749291         	1.0094576361e+05
0.0749645         	1.0101853719e+05
0.075             	1.0109136608e+05
0.0750329         	1.0115889874e+05
0.0750654         	1.0122564807e+05
0.0750978         	1.0129233441e+05
0.0751303         	1.0135891976e+05
0.0751623         	1.0142444987e+05
0.0751943         	1.0148977632e+05
0.0752264         	1.0155494468e+05
0.0752584         	1.0162002291e+05
0.0752904         	1.0168501546e+05
0.0753224         	1.0174991783e+05
0.0753544         	1.0181461508e+05
0.0753865         	1.0187910367e+05
0.0754185         	1.0194336624e+05
0.0754505         	1.0200747968e+05
0.0754825         	1.0207140400e+05
0.0755146         	1.0213498243e+05
0.0755466         	1.0219823896e+05
0.0755786         	1.0226129770e+05
0.0756106         	1.0232386712e+05
0.0756427         	1.0238607776e+05
0.0756747         	1.0244797949e+05
0.0757067         	1.0250961010e+05
0.0757393         	1.0257195914e+05
0.0757719         	1.0263390573e+05
0.0758045         	1.0269551504e+05
0.0758371         	1.0275682503e+05
0.0758697         	1.0281785458e+05
0.0759023         	1.0287860028e+05
0.0759356         	1.0294014822e+05
0.0759689         	1.0300125384e+05
0.0760022         	1.0306212566e+05
0.0760362         	1.0312445857e+05
0.0760703         	1.0318658679e+05
0.0761043         	1.0324796332e+05
0.0761392         	1.0331021136e+05
0.0761741         	1.0337174459e+05
0.0762099         	1.0343416466e+05
0.0762458         	1.0349566695e+05
0.0762816         	1.0355637022e+05
0.0763185         	1.0361836705e+05
0.0763554         	1.0367940982e+05
0.0763936         	1.0374150896e+05
0.0764317         	1.0380262092e+05
0.0764713         	1.0386509590e+05
0.0765109         	1.0392682146e+05
0.0765504         	1.0398753315e+05
0.0765917         	1.0405003025e+05
0.076633          	1.0411165533e+05
0.0766764         	1.0417550288e+05
0.0767197         	1.0423863758e+05
0.0767631         	1.0430069162e+05
0.0768091         	1.0436554554e+05
0.0768552         	1.0442960258e+05
0.0769012         	1.0449260117e+05
0.0769473         	1.0455450897e+05
0.0769975         	1.0462060461e+05
0.0770478         	1.0468478603e+05
0.077098          	1.0474720846e+05
0.0771483         	1.0480799451e+05
0.0771985         	1.0486731452e+05
0.0772488         	1.0492486403e+05
0.077299          	1.0498068659e+05
0.0773493         	1.0503482805e+05
0.0773995         	1.0508761383e+05
0.0774498         	1.0513881432e+05
0.0775            	1.0518819705e+05
0.0775568         	1.0524156907e+05
0.0776195         	1.0529762539e+05
0.0776875         	1.0535595901e+05
0.0777597         	1.0541481845e+05
0.077837          	1.0547387410e+05
0.0779202         	1.0553260656e+05
0.0780068         	1.0558941423e+05
0.0780974         	1.0564395547e+05
0.0781926         	1.0569593441e+05
0.078293          	1.0574360852e+05
0.0783934         	1.0578533618e+05
0.0785005         	1.0582414938e+05
0.0786159         	1.0585680434e+05
0.0787312         	1.0588082620e+05
0.0788581         	1.0589497386e+05
0.078985          	1.0590021144e+05
0.07913           	1.0589300293e+05
0.079275          	1.0587233813e+05
0.07942           	1.0583548442e+05
0.079565          	1.0578384991e+05
0.07971           	1.0571822276e+05
0.079855          	1.0563966204e+05
0.08              	1.0555009376e+05
0.0801087         	1.0547519700e+05
0.0802127         	1.0539531541e+05
0.0803166         	1.0530851930e+05
0.0804159         	1.0521973728e+05
0.0805106         	1.0512891766e+05
0.0806053         	1.0503231186e+05
0.0806956         	1.0493608529e+05
0.0807858         	1.0483564760e+05
0.0808715         	1.0473647666e+05
0.0809572         	1.0463330506e+05
0.0810429         	1.0452712436e+05
0.0811239         	1.0442452858e+05
0.0812048         	1.0431866839e+05
0.0812858         	1.0420960267e+05
0.0813667         	1.0409711120e+05
0.0814477         	1.0398259147e+05
0.0815286         	1.0386597370e+05
0.0816096         	1.0374820571e+05
0.0816838         	1.0363922753e+05
0.081758          	1.0352861636e+05
0.0818322         	1.0341622713e+05
0.0819064         	1.0330227171e+05
0.0819806         	1.0318730956e+05
0.0820548         	1.0307222350e+05
0.082129          	1.0295612696e+05
0.0822032         	1.0283915405e+05
0.0822774         	1.0272111694e+05
0.0823516         	1.0260254935e+05
0.0824258         	1.0248342061e+05
0.0825            	1.0236408434e+05
0.0825714         	1.0224924302e+05
0.0826429         	1.0213358401e+05
0.0827143         	1.0201817211e+05
0.0827857         	1.0190295673e+05
0.0828571         	1.0178728383e+05
0.0829286         	1.0167117699e+05
0.083             	1.0155586257e+05
0.0830714         	1.0144132265e+05
0.0831429         	1.0132714601e+05
0.0832143         	1.0121241569e+05
0.0832857         	1.0109781490e+05
0.0833571         	1.0098367424e+05
0.0834286         	1.0087037513e+05
0.0835            	1.0075698130e+05
0.0835714         	1.0064406571e+05
0.0836429         	1.0053199899e+05
0.0837143         	1.0042059375e+05
0.0837857         	1.0031016279e+05
0.0838571         	1.0020049616e+05
0.0839286         	1.0009136688e+05
0.084             	9.9983406731e+04
0.0840714         	9.9876198129e+04
0.0841429         	9.9769963341e+04
0.0842143         	9.9665151795e+04
0.0842857         	9.9561580627e+04
0.0843571         	9.9459303949e+04
0.0844286         	9.9358518734e+04
0.0845            	9.9258689269e+04
0.0845714         	9.9160252842e+04
0.0846429         	9.9063381792e+04
0.0847143         	9.8967585590e+04
0.0847857         	9.8872673052e+04
0.0848571         	9.8779296130e+04
0.0849286         	9.8688058320e+04
0.085             	9.8597813063e+04
0.0850781         	9.8500497585e+04
0.0851563         	9.8405405480e+04
0.0852371         	9.8309554400e+04
0.0853179         	9.8216484917e+04
0.0853987         	9.8126536851e+04
0.0854795         	9.8039063876e+04
0.0855637         	9.7950293376e+04
0.0856479         	9.7863711118e+04
0.0857321         	9.7779755711e+04
0.0858205         	9.7694513197e+04
0.0859089         	9.7612558070e+04
0.0859973         	9.7533431536e+04
0.0860912         	9.7452852443e+04
0.0861851         	9.7375709558e+04
0.086279          	9.7302378007e+04
0.0863808         	9.7227169759e+04
0.0864825         	9.7155338730e+04
0.0865843         	9.7087370914e+04
0.0866987         	9.7016714811e+04
0.0868132         	9.6952442159e+04
0.0869277         	9.6894132692e+04
0.0870421         	9.6842314486e+04
0.0871566         	9.6796943958e+04
0.0872711         	9.6756915207e+04
0.0873855         	9.6723076574e+04
0.0875            	9.6695728964e+04
0.0876316         	9.6671235140e+04
0.0877796         	9.6652252909e+04
0.0879504         	9.6642746172e+04
0.0881212         	9.6646795717e+04
0.0883091         	9.6663131073e+04
0.0885204         	9.6704302630e+04
0.0887318         	9.6767297967e+04
0.0889432         	9.6848254161e+04
0.0891545         	9.6948910879e+04
0.0893659         	9.7063075956e+04
0.0895244         	9.7155472520e+04
0.089683          	9.7257086313e+04
0.0898415         	9.7369039142e+04
0.09              	9.7489549607e+04
0.0901471         	9.7609708601e+04
0.0902778         	9.7721539637e+04
0.0904012         	9.7832008532e+04
0.0905178         	9.7940212944e+04
0.090628          	9.8045506210e+04
0.090732          	9.8148740823e+04
0.0908302         	9.8249288141e+04
0.0909229         	9.8346659469e+04
0.0910157         	9.8445139176e+04
0.091103          	9.8539494604e+04
0.0911903         	9.8636199478e+04
0.0912722         	9.8728157801e+04
0.091354          	9.8822036435e+04
0.0914304         	9.8911553632e+04
0.0915068         	9.9001974273e+04
0.0915832         	9.9093623081e+04
0.0916596         	9.9186281532e+04
0.091736          	9.9279658616e+04
0.0918055         	9.9365266087e+04
0.0918749         	9.9451477056e+04
0.0919444         	9.9538198679e+04
0.0920138         	9.9625831727e+04
0.0920833         	9.9714073291e+04
0.0921527         	9.9803170163e+04
0.0922222         	9.9892117807e+04
0.0922916         	9.9980812779e+04
0.0923611         	1.0006941246e+05
0.0924305         	1.0015799435e+05
0.0925            	1.0024671894e+05
0.0925714         	1.0033799042e+05
0.0926429         	1.0042889969e+05
0.0927143         	1.0051907096e+05
0.092788          	1.0061154796e+05
0.0928618         	1.0070312893e+05
0.0929381         	1.0079755372e+05
0.0930145         	1.0089183235e+05
0.0930939         	1.0098905134e+05
0.0931733         	1.0108572331e+05
0.0932564         	1.0118600182e+05
0.0933394         	1.0128467704e+05
0.0934268         	1.0138711526e+05
0.0935193         	1.0149386623e+05
0.0936119         	1.0159913413e+05
0.093711          	1.0170933564e+05
0.0938184         	1.0182568873e+05
0.0939259         	1.0193857478e+05
0.0940452         	1.0206217736e+05
0.0941816         	1.0219950424e+05
0.094318          	1.0233165629e+05
0.0944544         	1.0245661133e+05
0.0945908         	1.0257617140e+05
0.0947272         	1.0269097709e+05
0.0948636         	1.0280080317e+05
0.095             	1.0290374006e+05
0.0951562         	1.0301247592e+05
0.0953365         	1.0312474878e+05
0.0955332         	1.0323117546e+05
0.0957517         	1.0333353839e+05
0.0960015         	1.0342545141e+05
0.0962156         	1.0348317634e+05
0.0964296         	1.0351748063e+05
0.096608          	1.0353238623e+05
0.0967864         	1.0353590522e+05
0.0969648         	1.0352800925e+05
0.0971432         	1.0350827801e+05
0.0973216         	1.0347559545e+05
0.0975            	1.0343075341e+05
0.0976389         	1.0338822801e+05
0.0977778         	1.0334029749e+05
0.0979085         	1.0329018466e+05
0.0980392         	1.0323364889e+05
0.0981618         	1.0317472551e+05
0.0982843         	1.0311212181e+05
0.0984069         	1.0304567388e+05
0.0985207         	1.0298039042e+05
0.0986345         	1.0291158165e+05
0.0987482         	1.0283876320e+05
0.0988526         	1.0276934999e+05
0.0989569         	1.0269770504e+05
0.0990612         	1.0262397236e+05
0.0991655         	1.0254672964e+05
0.0992698         	1.0246655978e+05
0.0993741         	1.0238503893e+05
0.0994784         	1.0230157283e+05
0.0995827         	1.0221778222e+05
0.0996871         	1.0213231526e+05
0.0997914         	1.0204375250e+05
0.0998957         	1.0195299090e+05
0.1               	1.0185942088e+05
