# Region          : all region0
# Cells           : 7500
# Volume          : 2.6000000000e-01
# Time            	average(p)
0.0175012         	1.6542346025e+05
0.0175026         	1.6542297355e+05
0.0175044         	1.6542281479e+05
0.0175064         	1.6542275081e+05
0.0175089         	1.6542268628e+05
0.0175119         	1.6542256959e+05
0.0175155         	1.6542234358e+05
0.0175198         	1.6542193895e+05
0.017525          	1.6542124600e+05
0.0175312         	1.6542010789e+05
0.0175386         	1.6541830868e+05
0.0175475         	1.6541495251e+05
0.0175582         	1.6540956444e+05
0.0175711         	1.6540095571e+05
0.0175865         	1.6538728487e+05
0.0176049         	1.6536576150e+05
0.0176271         	1.6533242947e+05
0.0176537         	1.6528281070e+05
0.0176859         	1.6521328362e+05
0.0177244         	1.6512445300e+05
0.01777           	1.6502051767e+05
0.0178218         	1.6490639710e+05
0.0178749         	1.6479367963e+05
0.0179255         	1.6468955362e+05
0.0179738         	1.6459281916e+05
0.0180198         	1.6450159212e+05
0.0180648         	1.6441231497e+05
0.0181088         	1.6432424271e+05
0.0181528         	1.6423556430e+05
0.0181968         	1.6414621616e+05
0.0182397         	1.6405762235e+05
0.0182826         	1.6396684139e+05
0.0183256         	1.6387352761e+05
0.0183685         	1.6377823417e+05
0.0184103         	1.6368318287e+05
0.0184522         	1.6358563875e+05
0.018494          	1.6348556649e+05
0.0185358         	1.6338238254e+05
0.0185765         	1.6327931618e+05
0.0186172         	1.6317297193e+05
0.0186579         	1.6306320416e+05
0.0186985         	1.6295009701e+05
0.0187392         	1.6283379269e+05
0.0187799         	1.6271403077e+05
0.0188205         	1.6259073245e+05
0.0188612         	1.6246408869e+05
0.0189005         	1.6233877228e+05
0.0189397         	1.6221013577e+05
0.018979          	1.6207821087e+05
0.0190183         	1.6194302940e+05
0.0190576         	1.6180465103e+05
0.0190968         	1.6166286937e+05
0.0191361         	1.6151762039e+05
0.0191754         	1.6136924091e+05
0.0192146         	1.6121744975e+05
0.0192539         	1.6106254156e+05
0.0192932         	1.6090436091e+05
0.0193324         	1.6074291539e+05
0.0193717         	1.6057808461e+05
0.019411          	1.6040994823e+05
0.0194502         	1.6023837440e+05
0.0194895         	1.6006347182e+05
0.0195288         	1.5988533184e+05
0.019568          	1.5970603751e+05
0.0196073         	1.5953278084e+05
0.0196466         	1.5937624137e+05
0.0196859         	1.5924329092e+05
0.0197251         	1.5913247725e+05
0.0197644         	1.5903553457e+05
0.0198037         	1.5894675786e+05
0.0198429         	1.5886283383e+05
0.0198822         	1.5878232426e+05
0.0199215         	1.5870542873e+05
0.0199607         	1.5863233991e+05
0.02              	1.5856276021e+05
0.0200424         	1.5849094394e+05
0.0200847         	1.5842428008e+05
0.0201271         	1.5836376024e+05
0.0201695         	1.5831000715e+05
0.0202119         	1.5826408227e+05
0.0202542         	1.5822703810e+05
0.0202966         	1.5819973241e+05
0.020339          	1.5818351720e+05
0.0203822         	1.5817894489e+05
0.0204254         	1.5818742055e+05
0.0204686         	1.5820980773e+05
0.0205119         	1.5824692243e+05
0.0205551         	1.5829942810e+05
0.0205983         	1.5836800194e+05
0.0206415         	1.5845314769e+05
0.0206847         	1.5855556885e+05
0.020728          	1.5867608351e+05
0.0207723         	1.5881844424e+05
0.0208166         	1.5897968525e+05
0.0208609         	1.5915933152e+05
0.0209052         	1.5935714713e+05
0.0209495         	1.5957330436e+05
0.0209938         	1.5980822316e+05
0.0210381         	1.6006176142e+05
0.0210824         	1.6033409306e+05
0.0211267         	1.6062657717e+05
0.0211725         	1.6095164776e+05
0.0212182         	1.6130262924e+05
0.021264          	1.6167666152e+05
0.0213098         	1.6207254544e+05
0.0213556         	1.6248959583e+05
0.0214013         	1.6292634492e+05
0.0214471         	1.6338422123e+05
0.0214929         	1.6386026646e+05
0.0215387         	1.6435997801e+05
0.0215844         	1.6488544636e+05
0.0216302         	1.6543464421e+05
0.021676          	1.6600515472e+05
0.0217218         	1.6658890742e+05
0.0217676         	1.6719089792e+05
0.0218133         	1.6781125086e+05
0.0218591         	1.6844383735e+05
0.0219049         	1.6908445634e+05
0.0219507         	1.6972558234e+05
0.0219964         	1.7037238912e+05
0.0220422         	1.7102616486e+05
0.022088          	1.7168887187e+05
0.0221338         	1.7235977145e+05
0.0221796         	1.7303904101e+05
0.0222253         	1.7372036406e+05
0.0222711         	1.7440048327e+05
0.0223169         	1.7507881236e+05
0.0223627         	1.7575497978e+05
0.0224084         	1.7642524300e+05
0.0224542         	1.7708946297e+05
0.0225            	1.7775924131e+05
0.0225417         	1.7836487264e+05
0.0225833         	1.7896212246e+05
0.022625          	1.7955190141e+05
0.0226667         	1.8013394113e+05
0.0227083         	1.8070697135e+05
0.02275           	1.8127190573e+05
0.0227909         	1.8181411270e+05
0.0228318         	1.8235088553e+05
0.0228727         	1.8288536608e+05
0.0229136         	1.8341177679e+05
0.0229538         	1.8392020330e+05
0.0229939         	1.8442208367e+05
0.023034          	1.8492080806e+05
0.0230741         	1.8541426243e+05
0.0231142         	1.8589698074e+05
0.0231544         	1.8636985454e+05
0.0231945         	1.8683421236e+05
0.0232346         	1.8729196807e+05
0.0232747         	1.8774242153e+05
0.0233158         	1.8819872241e+05
0.0233569         	1.8864782593e+05
0.023398          	1.8909507185e+05
0.023439          	1.8953665918e+05
0.0234801         	1.8996888428e+05
0.0235212         	1.9038971363e+05
0.0235635         	1.9081839458e+05
0.0236057         	1.9123967677e+05
0.023648          	1.9164869475e+05
0.0236902         	1.9204579492e+05
0.0237325         	1.9243493827e+05
0.0237762         	1.9283203581e+05
0.0238199         	1.9322600245e+05
0.0238636         	1.9361348884e+05
0.0239073         	1.9399317099e+05
0.0239528         	1.9437193988e+05
0.0239984         	1.9473805481e+05
0.0240439         	1.9508611871e+05
0.0240894         	1.9542388741e+05
0.0241349         	1.9574949552e+05
0.0241805         	1.9606352764e+05
0.0242287         	1.9638141262e+05
0.0242769         	1.9669361132e+05
0.0243251         	1.9698842276e+05
0.0243733         	1.9726528881e+05
0.0244215         	1.9753595411e+05
0.0244697         	1.9779000286e+05
0.0245179         	1.9802946851e+05
0.0245661         	1.9826078135e+05
0.0246143         	1.9846763832e+05
0.0246625         	1.9866532216e+05
0.0247108         	1.9885538279e+05
0.024759          	1.9903309209e+05
0.0248072         	1.9920484740e+05
0.0248554         	1.9936019990e+05
0.0249036         	1.9949874561e+05
0.0249518         	1.9962217134e+05
0.025             	1.9973485554e+05
0.0250481         	1.9983169324e+05
0.0250962         	1.9991118889e+05
0.0251442         	1.9997440074e+05
0.0251913         	2.0002780686e+05
0.0252385         	2.0007290930e+05
0.0252856         	2.0010945067e+05
0.0253317         	2.0013862021e+05
0.0253778         	2.0015898533e+05
0.025424          	2.0017338480e+05
0.0254691         	2.0017700826e+05
0.0255142         	2.0016441061e+05
0.0255584         	2.0014197986e+05
0.0256025         	2.0011093643e+05
0.0256466         	2.0007424842e+05
0.0256897         	2.0003866077e+05
0.0257318         	1.9999957576e+05
0.0257739         	1.9995135446e+05
0.025816          	1.9989766146e+05
0.0258571         	1.9984133063e+05
0.0258982         	1.9977925106e+05
0.0259382         	1.9971273511e+05
0.0259783         	1.9964024107e+05
0.0260173         	1.9956414334e+05
0.0260563         	1.9948367754e+05
0.0260943         	1.9940550894e+05
0.0261323         	1.9932802108e+05
0.0261692         	1.9925092263e+05
0.0262062         	1.9916978361e+05
0.0262432         	1.9908486081e+05
0.0262791         	1.9899967717e+05
0.026315          	1.9891190318e+05
0.0263509         	1.9881942185e+05
0.0263868         	1.9872416352e+05
0.0264216         	1.9863223682e+05
0.0264564         	1.9854111566e+05
0.0264912         	1.9845009977e+05
0.026526          	1.9835685117e+05
0.0265596         	1.9826776813e+05
0.0265931         	1.9817744732e+05
0.0266255         	1.9809072631e+05
0.0266579         	1.9800584932e+05
0.0266903         	1.9792132022e+05
0.0267214         	1.9784293824e+05
0.0267526         	1.9776620656e+05
0.0267837         	1.9769088054e+05
0.0268149         	1.9761677593e+05
0.0268447         	1.9754786291e+05
0.0268744         	1.9748001732e+05
0.0269029         	1.9741798894e+05
0.0269313         	1.9735814882e+05
0.0269598         	1.9729957307e+05
0.0269882         	1.9724106262e+05
0.0270166         	1.9718284667e+05
0.0270451         	1.9712512825e+05
0.0270735         	1.9706780793e+05
0.0271019         	1.9700961951e+05
0.0271285         	1.9695804833e+05
0.027155          	1.9690664467e+05
0.0271796         	1.9686168325e+05
0.0272043         	1.9681694931e+05
0.0272289         	1.9677232585e+05
0.0272536         	1.9672803459e+05
0.0272782         	1.9668440539e+05
0.0273029         	1.9664106281e+05
0.0273275         	1.9659789308e+05
0.0273521         	1.9655497720e+05
0.0273768         	1.9651216867e+05
0.0274014         	1.9646891712e+05
0.0274261         	1.9642558726e+05
0.0274507         	1.9638112102e+05
0.0274754         	1.9633541177e+05
0.0275            	1.9628780495e+05
0.0275236         	1.9624171469e+05
0.0275467         	1.9619608142e+05
0.0275697         	1.9615131486e+05
0.0275924         	1.9610738953e+05
0.0276153         	1.9606251764e+05
0.027638          	1.9601881445e+05
0.0276605         	1.9597619543e+05
0.027683          	1.9593384768e+05
0.0277055         	1.9589134854e+05
0.0277278         	1.9584898252e+05
0.0277505         	1.9580584520e+05
0.0277732         	1.9576267283e+05
0.0277962         	1.9571862068e+05
0.0278189         	1.9567539812e+05
0.0278416         	1.9563163262e+05
0.0278641         	1.9558860566e+05
0.0278863         	1.9554518304e+05
0.0279081         	1.9550398711e+05
0.0279299         	1.9546427020e+05
0.0279517         	1.9542578580e+05
0.0279735         	1.9538885553e+05
0.0279953         	1.9535258377e+05
0.0280171         	1.9531815580e+05
0.0280391         	1.9528508243e+05
0.0280612         	1.9525283315e+05
0.0280832         	1.9522120389e+05
0.0281052         	1.9519061136e+05
0.0281275         	1.9516041934e+05
0.0281498         	1.9513183217e+05
0.0281721         	1.9510367556e+05
0.0281944         	1.9507586654e+05
0.0282164         	1.9505034606e+05
0.0282384         	1.9502563624e+05
0.0282602         	1.9500165730e+05
0.0282819         	1.9497973483e+05
0.0283037         	1.9495934683e+05
0.0283254         	1.9494010481e+05
0.0283474         	1.9492080238e+05
0.0283695         	1.9490249680e+05
0.0283915         	1.9488497323e+05
0.0284133         	1.9486990172e+05
0.028435          	1.9485528983e+05
0.0284567         	1.9484151235e+05
0.0284785         	1.9482889662e+05
0.0285002         	1.9481733800e+05
0.0285219         	1.9480747566e+05
0.0285437         	1.9479904788e+05
0.0285657         	1.9479064787e+05
0.0285878         	1.9478298736e+05
0.0286102         	1.9477579928e+05
0.0286323         	1.9477014763e+05
0.0286543         	1.9476408859e+05
0.028676          	1.9475851683e+05
0.0286977         	1.9475352155e+05
0.0287195         	1.9474939628e+05
0.0287412         	1.9474683172e+05
0.0287632         	1.9474423858e+05
0.0287857         	1.9474177932e+05
0.0288078         	1.9473945999e+05
0.0288299         	1.9473707341e+05
0.0288516         	1.9473490325e+05
0.0288732         	1.9473254228e+05
0.0288949         	1.9472973213e+05
0.0289166         	1.9472729173e+05
0.0289387         	1.9472398534e+05
0.0289608         	1.9472111763e+05
0.0289829         	1.9471743947e+05
0.029005          	1.9471413352e+05
0.0290271         	1.9471004064e+05
0.0290492         	1.9470595481e+05
0.0290713         	1.9470123864e+05
0.029094          	1.9469413406e+05
0.0291161         	1.9468588956e+05
0.0291376         	1.9467715618e+05
0.0291592         	1.9466871325e+05
0.0291808         	1.9465922200e+05
0.0292023         	1.9464821332e+05
0.0292239         	1.9463542081e+05
0.0292454         	1.9462189700e+05
0.029267          	1.9460703139e+05
0.0292892         	1.9458788323e+05
0.0293107         	1.9456762142e+05
0.029333          	1.9454360771e+05
0.0293545         	1.9451977170e+05
0.0293768         	1.9449197451e+05
0.029399          	1.9446124437e+05
0.0294213         	1.9442743011e+05
0.0294435         	1.9439119022e+05
0.0294658         	1.9435170151e+05
0.029488          	1.9430905063e+05
0.0295094         	1.9426690447e+05
0.0295317         	1.9421832984e+05
0.029554          	1.9416656805e+05
0.0295763         	1.9411191654e+05
0.0295975         	1.9405914754e+05
0.0296187         	1.9400249745e+05
0.0296398         	1.9394203275e+05
0.029661          	1.9387848885e+05
0.0296836         	1.9380359694e+05
0.0297047         	1.9373237015e+05
0.0297258         	1.9365873387e+05
0.0297469         	1.9358164549e+05
0.029768          	1.9350143962e+05
0.0297891         	1.9341839631e+05
0.0298102         	1.9333252193e+05
0.0298313         	1.9324335640e+05
0.0298524         	1.9315274306e+05
0.0298735         	1.9305932754e+05
0.0298945         	1.9296215618e+05
0.0299156         	1.9286200936e+05
0.0299367         	1.9275852379e+05
0.0299578         	1.9265103559e+05
0.0299789         	1.9254047423e+05
0.03              	1.9242696201e+05
0.0300216         	1.9230793154e+05
0.0300431         	1.9218685616e+05
0.0300645         	1.9206431295e+05
0.0300856         	1.9194048925e+05
0.0301068         	1.9181521334e+05
0.030128          	1.9168809733e+05
0.030149          	1.9156018483e+05
0.0301702         	1.9142870905e+05
0.0301914         	1.9129489204e+05
0.0302125         	1.9115760326e+05
0.0302333         	1.9102040959e+05
0.0302541         	1.9088038377e+05
0.0302749         	1.9073859513e+05
0.0302955         	1.9059607009e+05
0.0303163         	1.9044970298e+05
0.0303371         	1.9030191788e+05
0.0303577         	1.9015436922e+05
0.0303785         	1.9000440574e+05
0.0303993         	1.8985268062e+05
0.0304201         	1.8969893515e+05
0.0304409         	1.8954390108e+05
0.0304615         	1.8938879704e+05
0.0304823         	1.8922948133e+05
0.0305029         	1.8906986050e+05
0.0305233         	1.8890993737e+05
0.0305436         	1.8874795398e+05
0.030564          	1.8858467590e+05
0.0305844         	1.8842066967e+05
0.0306048         	1.8825565852e+05
0.0306252         	1.8808922323e+05
0.0306453         	1.8792323239e+05
0.0306655         	1.8775671377e+05
0.0306856         	1.8758879822e+05
0.0307058         	1.8741999298e+05
0.030726          	1.8724967254e+05
0.0307461         	1.8707726112e+05
0.0307663         	1.8690314423e+05
0.0307864         	1.8672779134e+05
0.0308066         	1.8655126077e+05
0.0308268         	1.8637395752e+05
0.0308467         	1.8619852758e+05
0.0308666         	1.8602226031e+05
0.0308868         	1.8584216890e+05
0.0309069         	1.8566160270e+05
0.0309271         	1.8547999793e+05
0.030947          	1.8530066186e+05
0.0309669         	1.8512103307e+05
0.0309868         	1.8494004798e+05
0.031007          	1.8475419094e+05
0.0310272         	1.8456685034e+05
0.0310474         	1.8437904647e+05
0.0310673         	1.8419327420e+05
0.0310869         	1.8400954380e+05
0.0311065         	1.8382468685e+05
0.0311261         	1.8363868454e+05
0.0311458         	1.8345305672e+05
0.0311654         	1.8326712703e+05
0.0311853         	1.8307719893e+05
0.0312052         	1.8288612711e+05
0.0312251         	1.8269393485e+05
0.0312451         	1.8250137229e+05
0.0312647         	1.8231138630e+05
0.0312843         	1.8212116099e+05
0.0313039         	1.8193069699e+05
0.0313235         	1.8174014653e+05
0.0313428         	1.8155290742e+05
0.0313621         	1.8136568079e+05
0.0313814         	1.8117850836e+05
0.0314006         	1.8099070644e+05
0.0314199         	1.8080284612e+05
0.0314392         	1.8061499854e+05
0.0314585         	1.8042713802e+05
0.0314778         	1.8023918421e+05
0.0314971         	1.8005157437e+05
0.0315164         	1.7986397676e+05
0.0315357         	1.7967535585e+05
0.0315549         	1.7948634420e+05
0.0315742         	1.7929753036e+05
0.0315935         	1.7910929015e+05
0.0316128         	1.7892189087e+05
0.0316321         	1.7873447022e+05
0.0316514         	1.7854621404e+05
0.0316707         	1.7835831342e+05
0.0316895         	1.7817574889e+05
0.0317084         	1.7799376700e+05
0.0317272         	1.7781216204e+05
0.0317461         	1.7763036391e+05
0.0317649         	1.7744951984e+05
0.0317838         	1.7726903955e+05
0.0318026         	1.7708869500e+05
0.0318215         	1.7690794992e+05
0.0318403         	1.7672738392e+05
0.0318591         	1.7654663108e+05
0.031878          	1.7636578145e+05
0.0318968         	1.7618475414e+05
0.0319157         	1.7600351897e+05
0.0319345         	1.7582221126e+05
0.0319534         	1.7564132096e+05
0.0319722         	1.7546126510e+05
0.0319911         	1.7528198879e+05
0.0320099         	1.7510350618e+05
0.0320288         	1.7492530337e+05
0.0320476         	1.7474662224e+05
0.0320665         	1.7456843559e+05
0.0320853         	1.7438967428e+05
0.0321042         	1.7421151840e+05
0.032123          	1.7403335535e+05
0.0321419         	1.7385576598e+05
0.0321607         	1.7367777903e+05
0.0321796         	1.7349993346e+05
0.0321984         	1.7332223483e+05
0.0322173         	1.7314501448e+05
0.0322361         	1.7296798639e+05
0.032255          	1.7279143898e+05
0.0322738         	1.7261515313e+05
0.0322927         	1.7243941288e+05
0.0323115         	1.7226355575e+05
0.0323304         	1.7208826522e+05
0.0323492         	1.7191420471e+05
0.0323681         	1.7173972109e+05
0.0323869         	1.7156629144e+05
0.0324058         	1.7139355040e+05
0.0324246         	1.7122088445e+05
0.0324435         	1.7104892043e+05
0.0324623         	1.7087778012e+05
0.0324812         	1.7070731538e+05
0.0325            	1.7053673211e+05
0.0325184         	1.7037107822e+05
0.0325368         	1.7020668753e+05
0.032555          	1.7004443930e+05
0.0325734         	1.6988194291e+05
0.0325918         	1.6971995441e+05
0.0326102         	1.6955905663e+05
0.0326285         	1.6939953041e+05
0.0326469         	1.6924059033e+05
0.0326653         	1.6908218551e+05
0.0326838         	1.6892343769e+05
0.0327024         	1.6876527624e+05
0.0327209         	1.6860765818e+05
0.0327394         	1.6844987639e+05
0.032758          	1.6829277645e+05
0.0327763         	1.6813705660e+05
0.0327947         	1.6798163272e+05
0.0328131         	1.6782626607e+05
0.0328313         	1.6767266599e+05
0.0328495         	1.6752003552e+05
0.0328678         	1.6736822906e+05
0.032886          	1.6721677511e+05
0.0329042         	1.6706527891e+05
0.0329224         	1.6691461807e+05
0.0329407         	1.6676475454e+05
0.0329589         	1.6661576966e+05
0.0329771         	1.6646680289e+05
0.0329953         	1.6631790810e+05
0.0330136         	1.6616973459e+05
0.0330318         	1.6602169174e+05
0.0330502         	1.6587265395e+05
0.0330686         	1.6572383108e+05
0.033087          	1.6557528725e+05
0.0331052         	1.6542854717e+05
0.0331234         	1.6528200080e+05
0.0331416         	1.6513634382e+05
0.0331598         	1.6499083378e+05
0.0331782         	1.6484324887e+05
0.0331966         	1.6469510246e+05
0.0332149         	1.6454824029e+05
0.0332331         	1.6440128496e+05
0.0332511         	1.6425660447e+05
0.0332691         	1.6411200317e+05
0.0332872         	1.6396747917e+05
0.0333052         	1.6382274173e+05
0.0333232         	1.6367802746e+05
0.0333413         	1.6353380277e+05
0.0333593         	1.6339033351e+05
0.0333773         	1.6324691742e+05
0.0333953         	1.6310359204e+05
0.0334134         	1.6296008114e+05
0.0334312         	1.6281815804e+05
0.033449          	1.6267593831e+05
0.0334669         	1.6253393437e+05
0.0334847         	1.6239194056e+05
0.0335025         	1.6224996208e+05
0.0335201         	1.6211001840e+05
0.0335377         	1.6197036877e+05
0.0335556         	1.6182904242e+05
0.0335734         	1.6168745610e+05
0.0335912         	1.6154542882e+05
0.0336091         	1.6140322516e+05
0.0336269         	1.6126117235e+05
0.0336447         	1.6111891527e+05
0.0336626         	1.6097677423e+05
0.0336804         	1.6083373127e+05
0.0336982         	1.6069057617e+05
0.0337161         	1.6054763574e+05
0.0337339         	1.6040500832e+05
0.0337517         	1.6026217257e+05
0.0337696         	1.6011918090e+05
0.0337874         	1.5997618032e+05
0.0338052         	1.5983337215e+05
0.0338231         	1.5969099249e+05
0.0338406         	1.5955184804e+05
0.0338582         	1.5941315643e+05
0.0338758         	1.5927490647e+05
0.0338933         	1.5913680977e+05
0.0339112         	1.5899603440e+05
0.033929          	1.5885530601e+05
0.0339469         	1.5871478222e+05
0.0339647         	1.5857455274e+05
0.0339826         	1.5843394275e+05
0.0340004         	1.5829262758e+05
0.0340183         	1.5815104576e+05
0.0340361         	1.5800888125e+05
0.034054          	1.5786609849e+05
0.0340718         	1.5772316297e+05
0.0340897         	1.5758013484e+05
0.0341075         	1.5743696217e+05
0.0341254         	1.5729359386e+05
0.0341432         	1.5714964892e+05
0.0341611         	1.5700632100e+05
0.0341789         	1.5686290595e+05
0.0341968         	1.5671971880e+05
0.0342146         	1.5657640820e+05
0.0342325         	1.5643289227e+05
0.0342503         	1.5628956678e+05
0.0342682         	1.5614595001e+05
0.0342856         	1.5600598870e+05
0.0343035         	1.5586156511e+05
0.0343209         	1.5572053065e+05
0.0343383         	1.5557925285e+05
0.0343557         	1.5543861095e+05
0.0343731         	1.5529821265e+05
0.0343905         	1.5515762322e+05
0.0344079         	1.5501667531e+05
0.0344253         	1.5487558273e+05
0.0344433         	1.5472914540e+05
0.0344613         	1.5458279881e+05
0.0344792         	1.5443573441e+05
0.0344972         	1.5428835712e+05
0.0345145         	1.5414649123e+05
0.0345319         	1.5400480646e+05
0.0345492         	1.5386316106e+05
0.0345665         	1.5372125268e+05
0.0345839         	1.5357887118e+05
0.0346012         	1.5343583204e+05
0.0346186         	1.5329284856e+05
0.0346359         	1.5315013361e+05
0.0346532         	1.5300677177e+05
0.0346706         	1.5286281134e+05
0.0346879         	1.5271839098e+05
0.0347052         	1.5257370813e+05
0.0347226         	1.5242888453e+05
0.0347399         	1.5228323909e+05
0.0347573         	1.5213711313e+05
0.0347746         	1.5199070404e+05
0.0347919         	1.5184362191e+05
0.0348093         	1.5169599870e+05
0.0348266         	1.5154834440e+05
0.034844          	1.5140102215e+05
0.0348613         	1.5125393141e+05
0.0348786         	1.5110668588e+05
0.034896          	1.5095952306e+05
0.0349133         	1.5081192808e+05
0.0349306         	1.5066388339e+05
0.034948          	1.5051535621e+05
0.0349653         	1.5036610193e+05
0.0349827         	1.5021656170e+05
0.035             	1.5006607102e+05
0.0350175         	1.4991346351e+05
0.035035          	1.4976000379e+05
0.0350523         	1.4960738648e+05
0.0350697         	1.4945443216e+05
0.0350872         	1.4930010627e+05
0.0351045         	1.4914672211e+05
0.0351219         	1.4899299142e+05
0.0351392         	1.4883902594e+05
0.0351566         	1.4868452138e+05
0.0351741         	1.4852791918e+05
0.0351914         	1.4837219613e+05
0.0352088         	1.4821623295e+05
0.0352262         	1.4805994519e+05
0.0352434         	1.4790503381e+05
0.0352606         	1.4775004487e+05
0.0352778         	1.4759429944e+05
0.0352951         	1.4743808257e+05
0.0353123         	1.4728126759e+05
0.0353294         	1.4712542271e+05
0.0353465         	1.4696912099e+05
0.0353636         	1.4681301339e+05
0.0353807         	1.4665705463e+05
0.0353976         	1.4650237951e+05
0.0354146         	1.4634753468e+05
0.0354315         	1.4619229046e+05
0.0354486         	1.4603494549e+05
0.0354656         	1.4587836491e+05
0.0354825         	1.4572146031e+05
0.0354995         	1.4556469663e+05
0.0355164         	1.4540797893e+05
0.0355334         	1.4525121143e+05
0.0355503         	1.4509427261e+05
0.0355673         	1.4493695770e+05
0.0355842         	1.4477957314e+05
0.0356012         	1.4462226508e+05
0.0356182         	1.4446484999e+05
0.0356353         	1.4430525579e+05
0.0356524         	1.4414477892e+05
0.0356696         	1.4398200470e+05
0.0356867         	1.4382039572e+05
0.0357038         	1.4365872197e+05
0.035721          	1.4349695523e+05
0.0357381         	1.4333510145e+05
0.0357552         	1.4317271584e+05
0.0357723         	1.4301027004e+05
0.0357894         	1.4284783764e+05
0.0358067         	1.4268357661e+05
0.0358239         	1.4251911792e+05
0.0358412         	1.4235378446e+05
0.0358585         	1.4218792951e+05
0.0358758         	1.4202189582e+05
0.0358931         	1.4185568341e+05
0.0359103         	1.4168966800e+05
0.0359274         	1.4152571553e+05
0.0359445         	1.4136180548e+05
0.0359616         	1.4119733929e+05
0.0359787         	1.4103230454e+05
0.0359958         	1.4086695007e+05
0.0360127         	1.4070371972e+05
0.0360296         	1.4054041957e+05
0.0360465         	1.4037701636e+05
0.0360634         	1.4021340550e+05
0.0360803         	1.4004943592e+05
0.0360972         	1.3988514387e+05
0.0361143         	1.3971860244e+05
0.0361314         	1.3955175846e+05
0.0361485         	1.3938500438e+05
0.0361656         	1.3921844292e+05
0.0361825         	1.3905399671e+05
0.0361996         	1.3888693771e+05
0.0362167         	1.3871987087e+05
0.0362339         	1.3855265781e+05
0.036251          	1.3838581583e+05
0.0362681         	1.3821954840e+05
0.0362852         	1.3805359741e+05
0.0363023         	1.3788780875e+05
0.0363194         	1.3772178148e+05
0.0363365         	1.3755555298e+05
0.0363536         	1.3738934752e+05
0.0363707         	1.3722334415e+05
0.0363878         	1.3705711221e+05
0.036405          	1.3689086792e+05
0.0364221         	1.3672456110e+05
0.0364392         	1.3655850357e+05
0.0364563         	1.3639261622e+05
0.0364734         	1.3622728317e+05
0.0364905         	1.3606237179e+05
0.0365079         	1.3589419854e+05
0.0365253         	1.3572584341e+05
0.0365427         	1.3555782366e+05
0.0365601         	1.3538978950e+05
0.0365775         	1.3522155681e+05
0.0365949         	1.3505322679e+05
0.0366123         	1.3488494198e+05
0.0366297         	1.3471636358e+05
0.0366472         	1.3454748098e+05
0.0366646         	1.3437883200e+05
0.036682          	1.3421029447e+05
0.0366994         	1.3404177524e+05
0.0367168         	1.3387347931e+05
0.0367342         	1.3370530357e+05
0.0367516         	1.3353718804e+05
0.036769          	1.3336921941e+05
0.0367864         	1.3320138163e+05
0.0368038         	1.3303361952e+05
0.0368212         	1.3286636111e+05
0.0368386         	1.3269966220e+05
0.036856          	1.3253337733e+05
0.0368734         	1.3236761061e+05
0.0368908         	1.3220227312e+05
0.0369082         	1.3203692451e+05
0.0369256         	1.3187178388e+05
0.036943          	1.3170706898e+05
0.0369604         	1.3154302957e+05
0.0369778         	1.3137913714e+05
0.0369953         	1.3121492175e+05
0.0370127         	1.3105069846e+05
0.0370301         	1.3088648275e+05
0.0370475         	1.3072227881e+05
0.0370649         	1.3055830034e+05
0.0370823         	1.3039485749e+05
0.0370997         	1.3023173117e+05
0.0371171         	1.3006842383e+05
0.0371345         	1.2990496959e+05
0.0371519         	1.2974164497e+05
0.0371693         	1.2957873229e+05
0.0371867         	1.2941668375e+05
0.0372041         	1.2925546852e+05
0.0372215         	1.2909469662e+05
0.0372389         	1.2893442665e+05
0.0372563         	1.2877434045e+05
0.0372737         	1.2861467254e+05
0.0372911         	1.2845552235e+05
0.0373085         	1.2829653472e+05
0.0373259         	1.2813770326e+05
0.0373434         	1.2797947393e+05
0.0373608         	1.2782187799e+05
0.0373782         	1.2766463996e+05
0.0373956         	1.2750793494e+05
0.037413          	1.2735174497e+05
0.0374304         	1.2719582703e+05
0.0374478         	1.2704025198e+05
0.0374652         	1.2688523230e+05
0.0374826         	1.2673061603e+05
0.0375            	1.2657643110e+05
0.0375185         	1.2641262967e+05
0.0375369         	1.2625023718e+05
0.0375553         	1.2608811829e+05
0.0375738         	1.2592499245e+05
0.0375923         	1.2576239238e+05
0.0376108         	1.2560010834e+05
0.0376294         	1.2543818469e+05
0.0376479         	1.2527645536e+05
0.0376664         	1.2511423175e+05
0.0376849         	1.2495311651e+05
0.0377036         	1.2479138068e+05
0.0377223         	1.2463021903e+05
0.0377409         	1.2446969704e+05
0.0377596         	1.2430978798e+05
0.0377783         	1.2414996580e+05
0.0377969         	1.2399155270e+05
0.0378156         	1.2383350530e+05
0.0378343         	1.2367571508e+05
0.0378531         	1.2351725531e+05
0.0378719         	1.2335909490e+05
0.0378908         	1.2320124454e+05
0.0379098         	1.2304204068e+05
0.0379288         	1.2288303909e+05
0.0379478         	1.2272436845e+05
0.0379668         	1.2256513824e+05
0.0379858         	1.2240712351e+05
0.038005          	1.2224808213e+05
0.0380242         	1.2209038653e+05
0.0380433         	1.2193270874e+05
0.0380627         	1.2177448810e+05
0.0380819         	1.2161753039e+05
0.0381013         	1.2146011376e+05
0.0381206         	1.2130335914e+05
0.03814           	1.2114622559e+05
0.0381594         	1.2099003190e+05
0.0381788         	1.2083388877e+05
0.0381984         	1.2067714828e+05
0.0382179         	1.2052091031e+05
0.0382375         	1.2036486405e+05
0.0382571         	1.2021023332e+05
0.0382767         	1.2005559178e+05
0.0382963         	1.1990195501e+05
0.0383159         	1.1974850756e+05
0.0383354         	1.1959539386e+05
0.038355          	1.1944262973e+05
0.0383746         	1.1929003437e+05
0.0383942         	1.1913910170e+05
0.0384138         	1.1898792185e+05
0.0384333         	1.1883773520e+05
0.0384532         	1.1868507440e+05
0.038473          	1.1853300533e+05
0.0384928         	1.1838018680e+05
0.0385129         	1.1822612513e+05
0.038533          	1.1807177991e+05
0.0385531         	1.1791832265e+05
0.0385732         	1.1776490193e+05
0.0385936         	1.1761065969e+05
0.038614          	1.1745689487e+05
0.0386344         	1.1730438874e+05
0.0386548         	1.1715194569e+05
0.0386751         	1.1700025655e+05
0.0386955         	1.1684969347e+05
0.0387159         	1.1669901196e+05
0.0387363         	1.1654951154e+05
0.0387567         	1.1639953056e+05
0.038777          	1.1625078430e+05
0.0387974         	1.1610188031e+05
0.0388182         	1.1595148765e+05
0.0388389         	1.1580064682e+05
0.0388596         	1.1565056197e+05
0.0388804         	1.1550068238e+05
0.0389011         	1.1535040442e+05
0.0389218         	1.1520096310e+05
0.0389426         	1.1505179157e+05
0.0389633         	1.1490351149e+05
0.038984          	1.1475549614e+05
0.0390048         	1.1460878947e+05
0.0390255         	1.1446172742e+05
0.0390462         	1.1431574531e+05
0.039067          	1.1416940399e+05
0.0390877         	1.1402383331e+05
0.0391089         	1.1387435858e+05
0.0391301         	1.1372644879e+05
0.0391514         	1.1357845156e+05
0.0391726         	1.1343054755e+05
0.0391938         	1.1328345134e+05
0.039215          	1.1313713831e+05
0.0392362         	1.1299039661e+05
0.0392574         	1.1284453812e+05
0.0392787         	1.1269812429e+05
0.0392999         	1.1255225719e+05
0.0393211         	1.1240591026e+05
0.0393423         	1.1226031782e+05
0.0393635         	1.1211474412e+05
0.0393847         	1.1196936841e+05
0.0394059         	1.1182428150e+05
0.0394272         	1.1167993391e+05
0.0394484         	1.1153591519e+05
0.0394696         	1.1139238017e+05
0.0394917         	1.1124273860e+05
0.0395138         	1.1109369811e+05
0.0395359         	1.1094569240e+05
0.039558          	1.1079777414e+05
0.0395801         	1.1065057310e+05
0.0396022         	1.1050285018e+05
0.0396243         	1.1035634230e+05
0.0396464         	1.1020981390e+05
0.0396685         	1.1006310561e+05
0.0396906         	1.0991644846e+05
0.0397127         	1.0977002358e+05
0.0397348         	1.0962453821e+05
0.0397569         	1.0947896068e+05
0.039779          	1.0933430477e+05
0.0398011         	1.0919018139e+05
0.0398232         	1.0904538254e+05
0.0398453         	1.0890119375e+05
0.0398674         	1.0875706215e+05
0.0398895         	1.0861369447e+05
0.0399116         	1.0847048567e+05
0.0399337         	1.0832780606e+05
0.0399558         	1.0818524242e+05
0.0399779         	1.0804228453e+05
0.04              	1.0789990379e+05
0.0400223         	1.0775626346e+05
0.0400446         	1.0761221931e+05
0.040067          	1.0746879247e+05
0.0400895         	1.0732341900e+05
0.040112          	1.0717865780e+05
0.0401348         	1.0703307226e+05
0.0401575         	1.0688685003e+05
0.0401805         	1.0673988960e+05
0.0402034         	1.0659316817e+05
0.0402266         	1.0644528994e+05
0.0402498         	1.0629792934e+05
0.040273          	1.0615078245e+05
0.0402962         	1.0600475912e+05
0.0403197         	1.0585756381e+05
0.0403431         	1.0571118608e+05
0.0403666         	1.0556423612e+05
0.0403903         	1.0541626131e+05
0.040414          	1.0526795727e+05
0.0404377         	1.0512017935e+05
0.0404614         	1.0497258232e+05
0.0404854         	1.0482321082e+05
0.0405093         	1.0467476116e+05
0.0405333         	1.0452639681e+05
0.0405573         	1.0437858105e+05
0.0405816         	1.0422911108e+05
0.0406059         	1.0408093736e+05
0.0406302         	1.0393312034e+05
0.0406544         	1.0378625157e+05
0.0406787         	1.0364001848e+05
0.0407033         	1.0349253147e+05
0.040728          	1.0334566547e+05
0.0407526         	1.0319928434e+05
0.0407775         	1.0305140594e+05
0.0408025         	1.0290375686e+05
0.0408278         	1.0275469972e+05
0.0408532         	1.0260579355e+05
0.0408785         	1.0245749448e+05
0.0409042         	1.0230775425e+05
0.04093           	1.0215878129e+05
0.0409557         	1.0201028732e+05
0.0409819         	1.0185986848e+05
0.0410081         	1.0170993816e+05
0.0410342         	1.0156103120e+05
0.0410604         	1.0141347621e+05
0.0410866         	1.0126702873e+05
0.0411133         	1.0111834782e+05
0.0411399         	1.0097018484e+05
0.0411666         	1.0082256324e+05
0.0411938         	1.0067289620e+05
0.041221          	1.0052458789e+05
0.0412482         	1.0037692393e+05
0.0412754         	1.0023012100e+05
0.0413033         	1.0008116128e+05
0.0413311         	9.9932839690e+04
0.0413589         	9.9785342530e+04
0.0413868         	9.9638793593e+04
0.0414153         	9.9490343824e+04
0.0414439         	9.9343530827e+04
0.0414724         	9.9197645445e+04
0.0415018         	9.9048505412e+04
0.0415311         	9.8900481750e+04
0.0415605         	9.8753322051e+04
0.0415908         	9.8602421979e+04
0.0416211         	9.8452938692e+04
0.0416514         	9.8304848764e+04
0.0416817         	9.8158181041e+04
0.0417132         	9.8007208457e+04
0.0417447         	9.7857620502e+04
0.0417761         	9.7709751516e+04
0.0418076         	9.7562885876e+04
0.0418406         	9.7409883826e+04
0.0418735         	9.7257839893e+04
0.0419065         	9.7107832815e+04
0.0419395         	9.6959410200e+04
0.0419725         	9.6812827114e+04
0.0420076         	9.6658146411e+04
0.0420428         	9.6504644211e+04
0.042078          	9.6353034860e+04
0.0421131         	9.6203617987e+04
0.0421483         	9.6056020056e+04
0.0421835         	9.5910487575e+04
0.0422186         	9.5766884296e+04
0.0422538         	9.5624804742e+04
0.042289          	9.5485520479e+04
0.0423242         	9.5349164775e+04
0.0423593         	9.5213746101e+04
0.0423945         	9.5079881719e+04
0.0424297         	9.4948730629e+04
0.0424648         	9.4820210487e+04
0.0425            	9.4692686568e+04
0.0425391         	9.4553473923e+04
0.0425808         	9.4407570108e+04
0.0426232         	9.4261869503e+04
0.0426664         	9.4116440865e+04
0.0427105         	9.3971334861e+04
0.0427554         	9.3826366228e+04
0.0428012         	9.3681248314e+04
0.0428479         	9.3535945059e+04
0.0428958         	9.3390862451e+04
0.0429447         	9.3246176530e+04
0.0429936         	9.3105968739e+04
0.0430438         	9.2966577644e+04
0.0430953         	9.2827847542e+04
0.0431482         	9.2688606126e+04
0.0432027         	9.2549730187e+04
0.0432588         	9.2411711824e+04
0.0433169         	9.2274700464e+04
0.0433749         	9.2143271458e+04
0.0434351         	9.2012218491e+04
0.0434977         	9.1882124992e+04
0.043563          	9.1753102219e+04
0.0436283         	9.1630975918e+04
0.0436969         	9.1509130879e+04
0.0437693         	9.1387868634e+04
0.0438417         	9.1275616230e+04
0.0439189         	9.1164985088e+04
0.0440021         	9.1056668468e+04
0.0440852         	9.0958674849e+04
0.0441767         	9.0863181178e+04
0.0442682         	9.0780132787e+04
0.0443727         	9.0701067781e+04
0.0444773         	9.0631988054e+04
0.0445818         	9.0575806542e+04
0.0446864         	9.0533513224e+04
0.0447909         	9.0507046327e+04
0.0448955         	9.0493617576e+04
0.045             	9.0493952221e+04
0.045119          	9.0511189617e+04
0.0452513         	9.0547535682e+04
0.0453919         	9.0609506272e+04
0.0455236         	9.0687690233e+04
0.0456471         	9.0774247347e+04
0.0457707         	9.0876242325e+04
0.045886          	9.0985742590e+04
0.0459936         	9.1098529203e+04
0.0461012         	9.1223840635e+04
0.0462011         	9.1349417853e+04
0.046301          	9.1485966094e+04
0.0464009         	9.1633063605e+04
0.0464925         	9.1775766781e+04
0.0465765         	9.1913212286e+04
0.0466604         	9.2057460019e+04
0.0467367         	9.2194597939e+04
0.0468131         	9.2337369307e+04
0.0468818         	9.2471056309e+04
0.0469505         	9.2609228294e+04
0.0470115         	9.2735899320e+04
0.0470726         	9.2866286478e+04
0.0471336         	9.3000911102e+04
0.047186          	9.3119235857e+04
0.0472383         	9.3239824391e+04
0.0472907         	9.3362394074e+04
0.047343          	9.3487727448e+04
0.0473953         	9.3615565827e+04
0.0474477         	9.3745972996e+04
0.0475            	9.3879715024e+04
0.0475424         	9.3990086478e+04
0.0475833         	9.4099007102e+04
0.047623          	9.4206741536e+04
0.0476619         	9.4314447626e+04
0.0476996         	9.4420157223e+04
0.0477361         	9.4523754918e+04
0.0477715         	9.4625661656e+04
0.0478058         	9.4726326293e+04
0.0478396         	9.4827067573e+04
0.0478723         	9.4926066282e+04
0.047904          	9.5023000302e+04
0.0479353         	9.5119860392e+04
0.0479657         	9.5214832635e+04
0.0479952         	9.5308387856e+04
0.0480242         	9.5401802065e+04
0.0480525         	9.5493448419e+04
0.0480803         	9.5584860706e+04
0.0481073         	9.5674020594e+04
0.048134          	9.5763625866e+04
0.0481599         	9.5850976931e+04
0.0481854         	9.5937780177e+04
0.0482103         	9.6023080807e+04
0.0482348         	9.6108027428e+04
0.048259          	9.6192621309e+04
0.0482825         	9.6275632460e+04
0.0483057         	9.6358304621e+04
0.0483286         	9.6440535677e+04
0.0483512         	9.6522419365e+04
0.0483735         	9.6603969493e+04
0.0483955         	9.6685099268e+04
0.0484172         	9.6765817548e+04
0.0484386         	9.6846091680e+04
0.0484597         	9.6925863291e+04
0.0484805         	9.7005004950e+04
0.048501          	9.7083562095e+04
0.0485213         	9.7161574303e+04
0.0485412         	9.7238912313e+04
0.0485612         	9.7316602620e+04
0.0485809         	9.7393651351e+04
0.0486004         	9.7470243253e+04
0.0486195         	9.7546333110e+04
0.0486387         	9.7622941684e+04
0.0486576         	9.7698761007e+04
0.0486765         	9.7774922765e+04
0.0486952         	9.7850437500e+04
0.0487136         	9.7925256852e+04
0.0487319         	9.8000477598e+04
0.04875           	9.8075033834e+04
0.0487682         	9.8150014594e+04
0.048786          	9.8224415440e+04
0.0488039         	9.8299194924e+04
0.0488217         	9.8374453467e+04
0.0488393         	9.8448962421e+04
0.0488569         	9.8523675913e+04
0.0488742         	9.8597512551e+04
0.0488915         	9.8671525468e+04
0.0489089         	9.8745632216e+04
0.0489259         	9.8818763578e+04
0.0489429         	9.8892215261e+04
0.04896           	9.8966164017e+04
0.0489768         	9.9039340609e+04
0.0489935         	9.9112816487e+04
0.0490103         	9.9186820476e+04
0.0490268         	9.9260094055e+04
0.0490433         	9.9333592010e+04
0.0490598         	9.9407269745e+04
0.0490763         	9.9481140230e+04
0.0490925         	9.9553854923e+04
0.0491087         	9.9626757346e+04
0.0491249         	9.9699829783e+04
0.0491408         	9.9771732326e+04
0.0491567         	9.9843868927e+04
0.0491726         	9.9916282627e+04
0.0491886         	9.9988811994e+04
0.0492042         	1.0006000744e+05
0.0492198         	1.0013141906e+05
0.0492354         	1.0020297824e+05
0.0492507         	1.0027336534e+05
0.049266          	1.0034401812e+05
0.0492812         	1.0041490855e+05
0.0492965         	1.0048597744e+05
0.0493115         	1.0055575122e+05
0.0493265         	1.0062570377e+05
0.0493414         	1.0069591066e+05
0.0493564         	1.0076628699e+05
0.049371          	1.0083515553e+05
0.0493857         	1.0090413599e+05
0.0494003         	1.0097325951e+05
0.0494149         	1.0104242240e+05
0.0494295         	1.0111174984e+05
0.0494438         	1.0117961647e+05
0.0494581         	1.0124768009e+05
0.0494723         	1.0131585910e+05
0.0494866         	1.0138415975e+05
0.0495009         	1.0145257971e+05
0.0495151         	1.0152128487e+05
0.0495294         	1.0159013304e+05
0.0495436         	1.0165906814e+05
0.0495579         	1.0172802611e+05
0.0495722         	1.0179707659e+05
0.049586          	1.0186396468e+05
0.0495998         	1.0193098054e+05
0.0496136         	1.0199814341e+05
0.0496274         	1.0206529436e+05
0.0496412         	1.0213240108e+05
0.049655          	1.0219953847e+05
0.0496688         	1.0226671799e+05
0.0496826         	1.0233397584e+05
0.0496964         	1.0240141781e+05
0.0497102         	1.0246886705e+05
0.049724          	1.0253635572e+05
0.0497378         	1.0260397348e+05
0.0497516         	1.0267163884e+05
0.0497654         	1.0273929291e+05
0.0497792         	1.0280704498e+05
0.049793          	1.0287493456e+05
0.0498068         	1.0294285045e+05
0.0498206         	1.0301081423e+05
0.0498344         	1.0307889382e+05
0.0498482         	1.0314698194e+05
0.049862          	1.0321510752e+05
0.0498758         	1.0328324238e+05
0.0498896         	1.0335142965e+05
0.0499034         	1.0341976590e+05
0.0499172         	1.0348815356e+05
0.049931          	1.0355643903e+05
0.0499448         	1.0362465492e+05
0.0499586         	1.0369290885e+05
0.0499724         	1.0376107430e+05
0.0499862         	1.0382925612e+05
0.05              	1.0389753607e+05
0.0500133         	1.0396344466e+05
0.0500266         	1.0402943549e+05
0.0500399         	1.0409538171e+05
0.0500531         	1.0416094505e+05
0.0500663         	1.0422645581e+05
0.0500795         	1.0429159791e+05
0.0500927         	1.0435686375e+05
0.0501057         	1.0442211944e+05
0.0501188         	1.0448745387e+05
0.0501319         	1.0455277564e+05
0.050145          	1.0461801957e+05
0.0501581         	1.0468313653e+05
0.0501712         	1.0474821651e+05
0.0501842         	1.0481325078e+05
0.0501973         	1.0487832994e+05
0.0502104         	1.0494335460e+05
0.0502235         	1.0500834198e+05
0.0502366         	1.0507328820e+05
0.0502497         	1.0513829120e+05
0.0502627         	1.0520331770e+05
0.0502758         	1.0526832391e+05
0.0502889         	1.0533336497e+05
0.050302          	1.0539835177e+05
0.0503151         	1.0546317378e+05
0.0503282         	1.0552786368e+05
0.0503412         	1.0559240699e+05
0.0503543         	1.0565685864e+05
0.0503674         	1.0572132763e+05
0.0503805         	1.0578577480e+05
0.0503936         	1.0585019683e+05
0.0504067         	1.0591455286e+05
0.0504197         	1.0597884369e+05
0.0504328         	1.0604300675e+05
0.0504459         	1.0610710970e+05
0.050459          	1.0617105697e+05
0.0504721         	1.0623481035e+05
0.0504852         	1.0629843058e+05
0.0504982         	1.0636189798e+05
0.0505113         	1.0642534710e+05
0.0505244         	1.0648879392e+05
0.0505375         	1.0655219780e+05
0.0505507         	1.0661605449e+05
0.0505638         	1.0667987488e+05
0.050577          	1.0674345393e+05
0.0505903         	1.0680736184e+05
0.0506035         	1.0687116486e+05
0.0506168         	1.0693490906e+05
0.0506301         	1.0699897009e+05
0.0506435         	1.0706286956e+05
0.0506569         	1.0712663783e+05
0.0506702         	1.0719049602e+05
0.0506837         	1.0725485821e+05
0.0506971         	1.0731912797e+05
0.0507106         	1.0738322537e+05
0.050724          	1.0744717394e+05
0.0507375         	1.0751098634e+05
0.050751          	1.0757513887e+05
0.0507646         	1.0763911483e+05
0.0507782         	1.0770285891e+05
0.0507918         	1.0776687118e+05
0.0508055         	1.0783058527e+05
0.0508192         	1.0789426453e+05
0.0508329         	1.0795829705e+05
0.0508467         	1.0802206316e+05
0.0508606         	1.0808617671e+05
0.0508746         	1.0815054546e+05
0.0508886         	1.0821466724e+05
0.0509028         	1.0827910221e+05
0.050917          	1.0834383667e+05
0.0509313         	1.0840835764e+05
0.0509457         	1.0847338164e+05
0.0509601         	1.0853806123e+05
0.0509746         	1.0860301117e+05
0.0509891         	1.0866765487e+05
0.0510038         	1.0873261856e+05
0.0510185         	1.0879725362e+05
0.0510333         	1.0886234516e+05
0.0510481         	1.0892730147e+05
0.0510629         	1.0899195161e+05
0.0510777         	1.0905635684e+05
0.0510927         	1.0912128915e+05
0.0511077         	1.0918611983e+05
0.0511226         	1.0925070025e+05
0.0511378         	1.0931568160e+05
0.0511529         	1.0938029875e+05
0.051168          	1.0944464736e+05
0.0511834         	1.0950945427e+05
0.0511987         	1.0957385740e+05
0.0512142         	1.0963868012e+05
0.0512296         	1.0970331498e+05
0.0512453         	1.0976858556e+05
0.051261          	1.0983344774e+05
0.0512769         	1.0989884214e+05
0.051293          	1.0996468731e+05
0.0513091         	1.1003027536e+05
0.0513254         	1.1009630749e+05
0.0513419         	1.1016301551e+05
0.0513587         	1.1023034949e+05
0.0513755         	1.1029741632e+05
0.0513925         	1.1036490021e+05
0.0514096         	1.1043192746e+05
0.0514269         	1.1049952896e+05
0.0514442         	1.1056676436e+05
0.0514618         	1.1063451440e+05
0.0514794         	1.1070174906e+05
0.0514973         	1.1076972774e+05
0.0515152         	1.1083729916e+05
0.0515331         	1.1090434325e+05
0.051551          	1.1097100436e+05
0.0515693         	1.1103863261e+05
0.0515875         	1.1110584622e+05
0.0516058         	1.1117257588e+05
0.051624          	1.1123871121e+05
0.0516427         	1.1130563797e+05
0.0516613         	1.1137218782e+05
0.0516799         	1.1143822172e+05
0.051699          	1.1150538726e+05
0.0517181         	1.1157204305e+05
0.0517376         	1.1163978437e+05
0.0517572         	1.1170690563e+05
0.0517772         	1.1177539047e+05
0.0517973         	1.1184379179e+05
0.051818          	1.1191339620e+05
0.0518387         	1.1198228692e+05
0.05186           	1.1205298210e+05
0.0518813         	1.1212326914e+05
0.0519027         	1.1219292115e+05
0.0519248         	1.1226451636e+05
0.0519469         	1.1233510325e+05
0.051969          	1.1240487801e+05
0.0519912         	1.1247365979e+05
0.0520143         	1.1254464176e+05
0.0520374         	1.1261512376e+05
0.0520605         	1.1268488426e+05
0.0520837         	1.1275362106e+05
0.0521068         	1.1282173190e+05
0.0521299         	1.1288916200e+05
0.0521531         	1.1295590010e+05
0.0521762         	1.1302154803e+05
0.0521993         	1.1308647842e+05
0.0522224         	1.1315056239e+05
0.0522456         	1.1321364633e+05
0.0522687         	1.1327617807e+05
0.0522918         	1.1333844518e+05
0.052315          	1.1340000008e+05
0.0523381         	1.1346042961e+05
0.0523612         	1.1352007961e+05
0.0523844         	1.1357858792e+05
0.0524075         	1.1363588815e+05
0.0524306         	1.1369193340e+05
0.0524537         	1.1374738649e+05
0.0524769         	1.1380197524e+05
0.0525            	1.1385616992e+05
0.0525258         	1.1391522966e+05
0.0525524         	1.1397494974e+05
0.0525793         	1.1403416250e+05
0.0526065         	1.1409345537e+05
0.052634          	1.1415225616e+05
0.0526618         	1.1421049104e+05
0.05269           	1.1426852833e+05
0.0527182         	1.1432509025e+05
0.0527467         	1.1438084908e+05
0.0527756         	1.1443578130e+05
0.0528048         	1.1448974870e+05
0.0528341         	1.1454251634e+05
0.0528638         	1.1459471771e+05
0.0528935         	1.1464593496e+05
0.0529235         	1.1469636733e+05
0.0529541         	1.1474587281e+05
0.0529846         	1.1479334617e+05
0.0530156         	1.1483945022e+05
0.0530471         	1.1488423725e+05
0.0530786         	1.1492786502e+05
0.0531106         	1.1497086930e+05
0.0531432         	1.1501275458e+05
0.0531758         	1.1505302423e+05
0.053209          	1.1509200625e+05
0.0532428         	1.1512944110e+05
0.0532772         	1.1516559256e+05
0.0533124         	1.1520041648e+05
0.0533475         	1.1523323150e+05
0.0533835         	1.1526436723e+05
0.0534202         	1.1529397426e+05
0.0534578         	1.1532147335e+05
0.0534964         	1.1534712099e+05
0.0535359         	1.1537116667e+05
0.0535766         	1.1539341583e+05
0.0536185         	1.1541314948e+05
0.0536616         	1.1542943971e+05
0.0537062         	1.1544226610e+05
0.0537525         	1.1545094409e+05
0.0537987         	1.1545501584e+05
0.0538449         	1.1545520482e+05
0.0538893         	1.1545059400e+05
0.0539337         	1.1544141955e+05
0.0539781         	1.1542743917e+05
0.0540226         	1.1540984488e+05
0.054067          	1.1538842425e+05
0.0541094         	1.1536497808e+05
0.0541518         	1.1533815190e+05
0.0541942         	1.1530700522e+05
0.0542366         	1.1527184871e+05
0.054279          	1.1523354456e+05
0.0543215         	1.1519202040e+05
0.0543639         	1.1514654969e+05
0.0544063         	1.1509756437e+05
0.0544487         	1.1504525813e+05
0.0544911         	1.1498896195e+05
0.0545335         	1.1492911593e+05
0.0545759         	1.1486585015e+05
0.0546183         	1.1479872005e+05
0.0546607         	1.1472735304e+05
0.0547031         	1.1465201659e+05
0.0547455         	1.1457308201e+05
0.054788          	1.1448990839e+05
0.0548304         	1.1440257627e+05
0.0548728         	1.1431133659e+05
0.0549152         	1.1421636400e+05
0.0549576         	1.1411785142e+05
0.055             	1.1401619953e+05
0.0550397         	1.1391859586e+05
0.0550794         	1.1381933450e+05
0.055119          	1.1371716276e+05
0.0551587         	1.1361221497e+05
0.0551984         	1.1350444916e+05
0.0552374         	1.1339502998e+05
0.0552764         	1.1328218300e+05
0.0553154         	1.1316634181e+05
0.0553545         	1.1304777728e+05
0.0553935         	1.1292648565e+05
0.0554325         	1.1280274010e+05
0.0554708         	1.1267925728e+05
0.055509          	1.1255367074e+05
0.0555473         	1.1242589252e+05
0.0555856         	1.1229585377e+05
0.0556239         	1.1216368663e+05
0.0556622         	1.1202978804e+05
0.0557005         	1.1189384446e+05
0.0557388         	1.1175564522e+05
0.0557771         	1.1161544737e+05
0.0558153         	1.1147322595e+05
0.0558536         	1.1132918700e+05
0.0558919         	1.1118334267e+05
0.0559302         	1.1103563388e+05
0.0559676         	1.1088950066e+05
0.056005          	1.1074195636e+05
0.0560423         	1.1059312495e+05
0.0560797         	1.1044280544e+05
0.0561171         	1.1029139949e+05
0.0561545         	1.1013868429e+05
0.0561918         	1.0998489690e+05
0.0562292         	1.0983056523e+05
0.0562666         	1.0967518701e+05
0.0563029         	1.0952294850e+05
0.0563391         	1.0936932972e+05
0.0563754         	1.0921472939e+05
0.0564117         	1.0905972592e+05
0.056448          	1.0890373898e+05
0.0564843         	1.0874692409e+05
0.0565205         	1.0858972420e+05
0.0565568         	1.0843247186e+05
0.0565931         	1.0827469859e+05
0.0566294         	1.0811675738e+05
0.0566656         	1.0795875550e+05
0.0567019         	1.0780018408e+05
0.0567382         	1.0764088228e+05
0.0567745         	1.0748093491e+05
0.0568107         	1.0732021931e+05
0.056847          	1.0715896967e+05
0.0568833         	1.0699759624e+05
0.0569196         	1.0683614525e+05
0.0569559         	1.0667508052e+05
0.0569921         	1.0651390267e+05
0.0570284         	1.0635251310e+05
0.0570647         	1.0619030849e+05
0.057101          	1.0602790249e+05
0.0571372         	1.0586548054e+05
0.0571735         	1.0570345705e+05
0.0572098         	1.0554178991e+05
0.0572461         	1.0538057840e+05
0.0572823         	1.0521955091e+05
0.0573186         	1.0505911047e+05
0.0573549         	1.0489894539e+05
0.0573912         	1.0473891851e+05
0.0574274         	1.0457839645e+05
0.0574637         	1.0441776011e+05
0.0575            	1.0425688496e+05
0.0575362         	1.0409663481e+05
0.057573          	1.0393458476e+05
0.0576098         	1.0377287271e+05
0.0576465         	1.0361184833e+05
0.0576833         	1.0345182298e+05
0.0577201         	1.0329227526e+05
0.0577569         	1.0313279246e+05
0.0577936         	1.0297405289e+05
0.0578304         	1.0281566448e+05
0.0578678         	1.0265463489e+05
0.0579052         	1.0249409884e+05
0.0579426         	1.0233422099e+05
0.05798           	1.0217488428e+05
0.0580174         	1.0201615071e+05
0.0580556         	1.0185500241e+05
0.0580937         	1.0169470152e+05
0.0581318         	1.0153518581e+05
0.05817           	1.0137631221e+05
0.0582081         	1.0121836148e+05
0.0582462         	1.0106113228e+05
0.0582852         	1.0090091132e+05
0.0583241         	1.0074181060e+05
0.0583631         	1.0058382096e+05
0.0584021         	1.0042646224e+05
0.0584411         	1.0026982485e+05
0.05848           	1.0011418604e+05
0.05852           	9.9955370423e+04
0.05856           	9.9797260064e+04
0.0586            	9.9640162737e+04
0.05864           	9.9484377590e+04
0.05868           	9.9329631884e+04
0.05872           	9.9175529540e+04
0.05876           	9.9022033304e+04
0.0588014         	9.8864218387e+04
0.0588427         	9.8707854749e+04
0.058884          	9.8552744993e+04
0.0589254         	9.8399021993e+04
0.0589667         	9.8246827642e+04
0.0590097         	9.8089539017e+04
0.0590528         	9.7933559024e+04
0.0590959         	9.7778421933e+04
0.0591389         	9.7624600053e+04
0.059182          	9.7472245632e+04
0.059225          	9.7321174083e+04
0.0592681         	9.7171610908e+04
0.0593111         	9.7023818288e+04
0.0593571         	9.6867948829e+04
0.059403          	9.6714216681e+04
0.0594489         	9.6562337164e+04
0.0594948         	9.6411984430e+04
0.0595408         	9.6262991943e+04
0.0595867         	9.6115951472e+04
0.0596326         	9.5971035472e+04
0.0596785         	9.5828053821e+04
0.0597245         	9.5687116663e+04
0.0597704         	9.5547776888e+04
0.0598163         	9.5410082482e+04
0.0598622         	9.5274258595e+04
0.0599082         	9.5140466367e+04
0.0599541         	9.5008220121e+04
0.06              	9.4878050770e+04
0.060051          	9.4736300392e+04
0.0601031         	9.4594112895e+04
0.0601552         	9.4454219510e+04
0.0602085         	9.4313240412e+04
0.0602631         	9.4171414427e+04
0.0603176         	9.4032737354e+04
0.0603736         	9.3893271660e+04
0.0604296         	9.3756970419e+04
0.0604871         	9.3619847558e+04
0.0605446         	9.3486140304e+04
0.0606038         	9.3352096035e+04
0.0606631         	9.3221665134e+04
0.0607243         	9.3089928742e+04
0.0607856         	9.2962280952e+04
0.060849          	9.2834209098e+04
0.0609125         	9.2709958012e+04
0.0609787         	9.2584377633e+04
0.0610448         	9.2463331296e+04
0.0611141         	9.2341461045e+04
0.0611834         	9.2224894564e+04
0.0612566         	9.2106880577e+04
0.0613297         	9.1995153965e+04
0.0614077         	9.1883193309e+04
0.0614857         	9.1777629392e+04
0.0615638         	9.1679544251e+04
0.0616489         	9.1581644153e+04
0.061734          	9.1491812685e+04
0.0618297         	9.1400694917e+04
0.0619255         	9.1320216968e+04
0.0620212         	9.1249454339e+04
0.062117          	9.1189095359e+04
0.0622127         	9.1140067090e+04
0.0623085         	9.1101951964e+04
0.0624042         	9.1074617547e+04
0.0625            	9.1058137238e+04
0.0626087         	9.1055942661e+04
0.0627346         	9.1071759553e+04
0.0628761         	9.1110458991e+04
0.0630395         	9.1185996851e+04
0.0632029         	9.1294132515e+04
0.0633527         	9.1420102465e+04
0.0634794         	9.1545674698e+04
0.063588          	9.1666790849e+04
0.0636888         	9.1791399824e+04
0.0637763         	9.1909167004e+04
0.0638578         	9.2026523558e+04
0.0639394         	9.2150721602e+04
0.0640152         	9.2272470918e+04
0.0640855         	9.2390893074e+04
0.0641508         	9.2505630343e+04
0.0642162         	9.2625165742e+04
0.0642765         	9.2740123849e+04
0.0643321         	9.2849409041e+04
0.0643878         	9.2962201438e+04
0.0644388         	9.3068255843e+04
0.0644898         	9.3176663603e+04
0.0645408         	9.3287972149e+04
0.0645867         	9.3390522607e+04
0.0646327         	9.3495612410e+04
0.0646786         	9.3603694348e+04
0.0647245         	9.3714172081e+04
0.0647639         	9.3810220542e+04
0.0648032         	9.3907808696e+04
0.0648426         	9.4006718497e+04
0.0648819         	9.4107131525e+04
0.0649213         	9.4209168514e+04
0.0649606         	9.4312909044e+04
0.065             	9.4418230095e+04
0.0650352         	9.4513982733e+04
0.0650694         	9.4608164969e+04
0.0651032         	9.4702369661e+04
0.065136          	9.4794015082e+04
0.0651684         	9.4886298770e+04
0.0652004         	9.4977529458e+04
0.0652314         	9.5068403863e+04
0.0652621         	9.5158271095e+04
0.0652923         	9.5248801836e+04
0.0653222         	9.5338136406e+04
0.0653512         	9.5425632374e+04
0.0653799         	9.5512763712e+04
0.0654081         	9.5599587315e+04
0.065436          	9.5686066772e+04
0.0654635         	9.5772374417e+04
0.0654907         	9.5858403768e+04
0.0655175         	9.5943887599e+04
0.0655439         	9.6028774508e+04
0.06557           	9.6113298936e+04
0.0655957         	9.6197414398e+04
0.0656211         	9.6280976463e+04
0.0656462         	9.6364029261e+04
0.0656709         	9.6446551988e+04
0.0656956         	9.6529565576e+04
0.06572           	9.6611917390e+04
0.065744          	9.6693677922e+04
0.0657678         	9.6774649899e+04
0.0657915         	9.6855985588e+04
0.0658149         	9.6936836859e+04
0.065838          	9.7017264376e+04
0.0658611         	9.7098268934e+04
0.0658838         	9.7178618187e+04
0.0659066         	9.7259384070e+04
0.065929          	9.7339417939e+04
0.0659512         	9.7418816325e+04
0.0659733         	9.7498700487e+04
0.0659951         	9.7577771551e+04
0.0660169         	9.7657287430e+04
0.0660384         	9.7736029151e+04
0.0660599         	9.7815048791e+04
0.0660811         	9.7893232936e+04
0.0661023         	9.7971781039e+04
0.0661231         	9.8049487228e+04
0.0661437         	9.8126265177e+04
0.0661642         	9.8203323119e+04
0.0661845         	9.8279599860e+04
0.0662047         	9.8356274781e+04
0.0662246         	9.8431986178e+04
0.0662446         	9.8507922863e+04
0.0662645         	9.8584032307e+04
0.0662841         	9.8659061248e+04
0.0663037         	9.8734185331e+04
0.066323          	9.8808247623e+04
0.0663423         	9.8882513998e+04
0.0663616         	9.8957101754e+04
0.0663806         	9.9030784143e+04
0.0663995         	9.9104805880e+04
0.0664182         	9.9177748733e+04
0.0664368         	9.9250825015e+04
0.0664555         	9.9324130225e+04
0.0664738         	9.9396380479e+04
0.0664921         	9.9468956101e+04
0.0665105         	9.9541850596e+04
0.0665288         	9.9614961458e+04
0.0665468         	9.9686886316e+04
0.0665648         	9.9758940963e+04
0.0665827         	9.9831206969e+04
0.0666007         	9.9903704350e+04
0.0666184         	9.9974915553e+04
0.066636          	1.0004619740e+05
0.0666536         	1.0011759676e+05
0.0666713         	1.0018909011e+05
0.0666889         	1.0026064647e+05
0.0667065         	1.0033234327e+05
0.0667238         	1.0040256378e+05
0.066741          	1.0047288173e+05
0.0667583         	1.0054328225e+05
0.0667755         	1.0061379851e+05
0.0667928         	1.0068444212e+05
0.06681           	1.0075526442e+05
0.0668273         	1.0082636738e+05
0.0668445         	1.0089760273e+05
0.0668618         	1.0096885681e+05
0.066879          	1.0104020269e+05
0.0668963         	1.0111165248e+05
0.066913          	1.0118117366e+05
0.0669298         	1.0125071611e+05
0.0669466         	1.0132036004e+05
0.0669634         	1.0139003180e+05
0.0669801         	1.0145968206e+05
0.0669969         	1.0152931502e+05
0.0670137         	1.0159899094e+05
0.0670304         	1.0166883739e+05
0.0670472         	1.0173875413e+05
0.067064          	1.0180867959e+05
0.0670807         	1.0187857269e+05
0.0670975         	1.0194852117e+05
0.0671143         	1.0201865197e+05
0.0671311         	1.0208887607e+05
0.0671478         	1.0215916067e+05
0.0671646         	1.0222932711e+05
0.0671814         	1.0229949252e+05
0.0671981         	1.0236975074e+05
0.0672149         	1.0244005897e+05
0.0672317         	1.0251032399e+05
0.0672484         	1.0258056155e+05
0.0672652         	1.0265078616e+05
0.067282          	1.0272103905e+05
0.0672988         	1.0279125279e+05
0.0673155         	1.0286145704e+05
0.0673323         	1.0293180307e+05
0.0673491         	1.0300212622e+05
0.0673658         	1.0307233339e+05
0.0673826         	1.0314247926e+05
0.0673994         	1.0321250537e+05
0.0674161         	1.0328245410e+05
0.0674329         	1.0335246385e+05
0.0674497         	1.0342243503e+05
0.0674665         	1.0349234220e+05
0.0674832         	1.0356218846e+05
0.0675            	1.0363189198e+05
0.0675163         	1.0369967973e+05
0.0675328         	1.0376777109e+05
0.0675492         	1.0383579228e+05
0.0675657         	1.0390380457e+05
0.0675821         	1.0397172480e+05
0.0675986         	1.0403963379e+05
0.067615          	1.0410754250e+05
0.0676315         	1.0417542829e+05
0.0676479         	1.0424329554e+05
0.0676644         	1.0431099622e+05
0.0676808         	1.0437869354e+05
0.0676974         	1.0444675971e+05
0.067714          	1.0451473662e+05
0.0677306         	1.0458300686e+05
0.0677473         	1.0465104646e+05
0.0677641         	1.0471940718e+05
0.0677809         	1.0478760890e+05
0.0677979         	1.0485614624e+05
0.0678148         	1.0492440204e+05
0.0678319         	1.0499300845e+05
0.067849          	1.0506149872e+05
0.0678662         	1.0513042211e+05
0.0678834         	1.0519923148e+05
0.0679007         	1.0526838863e+05
0.0679181         	1.0533740148e+05
0.0679354         	1.0540626611e+05
0.0679528         	1.0547492925e+05
0.0679703         	1.0554384205e+05
0.0679878         	1.0561277574e+05
0.0680053         	1.0568163748e+05
0.0680228         	1.0575028848e+05
0.0680403         	1.0581871712e+05
0.0680579         	1.0588740618e+05
0.0680756         	1.0595585966e+05
0.0680932         	1.0602415737e+05
0.0681109         	1.0609220982e+05
0.0681287         	1.0616064798e+05
0.0681465         	1.0622893466e+05
0.0681644         	1.0629705929e+05
0.0681822         	1.0636500303e+05
0.0682002         	1.0643330927e+05
0.0682182         	1.0650137258e+05
0.0682362         	1.0656937566e+05
0.0682544         	1.0663789134e+05
0.0682725         	1.0670608760e+05
0.0682907         	1.0677401226e+05
0.0683089         	1.0684162758e+05
0.0683273         	1.0690960107e+05
0.0683457         	1.0697720552e+05
0.0683641         	1.0704456699e+05
0.0683824         	1.0711174361e+05
0.068401          	1.0717942192e+05
0.0684196         	1.0724700885e+05
0.0684382         	1.0731433097e+05
0.0684568         	1.0738144626e+05
0.0684754         	1.0744852278e+05
0.068494          	1.0751538242e+05
0.0685126         	1.0758183182e+05
0.0685314         	1.0764869852e+05
0.0685502         	1.0771524198e+05
0.0685691         	1.0778148988e+05
0.0685879         	1.0784753359e+05
0.0686067         	1.0791333416e+05
0.0686256         	1.0797891166e+05
0.0686444         	1.0804434285e+05
0.0686635         	1.0811051745e+05
0.0686826         	1.0817635047e+05
0.0687017         	1.0824197271e+05
0.0687208         	1.0830714770e+05
0.0687398         	1.0837198147e+05
0.0687589         	1.0843667245e+05
0.068778          	1.0850110085e+05
0.0687974         	1.0856615961e+05
0.0688168         	1.0863092419e+05
0.0688362         	1.0869528971e+05
0.0688556         	1.0875932440e+05
0.068875          	1.0882285230e+05
0.0688948         	1.0888698608e+05
0.0689145         	1.0895065940e+05
0.0689342         	1.0901382930e+05
0.0689543         	1.0907769233e+05
0.0689744         	1.0914126999e+05
0.068995          	1.0920576834e+05
0.0690155         	1.0926968342e+05
0.0690364         	1.0933451325e+05
0.0690574         	1.0939887702e+05
0.0690788         	1.0946411817e+05
0.0691002         	1.0952877238e+05
0.0691216         	1.0959289684e+05
0.0691436         	1.0965807145e+05
0.0691655         	1.0972270736e+05
0.0691881         	1.0978846616e+05
0.0692107         	1.0985341759e+05
0.0692339         	1.0991944557e+05
0.0692571         	1.0998466412e+05
0.0692811         	1.1005099686e+05
0.069305          	1.1011638282e+05
0.0693298         	1.1018348268e+05
0.0693547         	1.1024987790e+05
0.0693805         	1.1031789895e+05
0.0694063         	1.1038518081e+05
0.0694321         	1.1045192185e+05
0.0694591         	1.1052086767e+05
0.0694862         	1.1058872774e+05
0.0695132         	1.1065506632e+05
0.0695419         	1.1072398457e+05
0.0695705         	1.1079171193e+05
0.0695991         	1.1085805162e+05
0.0696278         	1.1092285955e+05
0.0696588         	1.1099189923e+05
0.0696898         	1.1105929015e+05
0.0697208         	1.1112528186e+05
0.0697518         	1.1118989549e+05
0.0697873         	1.1126154030e+05
0.0698227         	1.1133081716e+05
0.0698582         	1.1139747672e+05
0.0698936         	1.1146240905e+05
0.0699291         	1.1152530698e+05
0.0699645         	1.1158615593e+05
0.07              	1.1164503676e+05
0.0700385         	1.1170634646e+05
0.0700775         	1.1176613958e+05
0.0701172         	1.1182486655e+05
0.0701576         	1.1188163568e+05
0.070198          	1.1193555303e+05
0.0702391         	1.1198776547e+05
0.070281          	1.1203779850e+05
0.0703237         	1.1208610693e+05
0.0703663         	1.1213117896e+05
0.0704099         	1.1217357502e+05
0.0704544         	1.1221387101e+05
0.0704998         	1.1225202569e+05
0.0705463         	1.1228796752e+05
0.0705928         	1.1232026024e+05
0.0706405         	1.1234951423e+05
0.0706895         	1.1237520773e+05
0.0707397         	1.1239714998e+05
0.07079           	1.1241485996e+05
0.0708419         	1.1242898527e+05
0.0708953         	1.1243845914e+05
0.0709488         	1.1244262939e+05
0.0710042         	1.1244207944e+05
0.0710618         	1.1243580315e+05
0.0711193         	1.1242362923e+05
0.0711793         	1.1240459940e+05
0.0712422         	1.1237857524e+05
0.0713051         	1.1234686955e+05
0.0713715         	1.1230604681e+05
0.0714379         	1.1225755575e+05
0.0715087         	1.1219863244e+05
0.0715795         	1.1213171947e+05
0.0716503         	1.1205722461e+05
0.0717211         	1.1197487368e+05
0.0717919         	1.1188535004e+05
0.0718563         	1.1179786339e+05
0.0719207         	1.1170472813e+05
0.071985          	1.1160626335e+05
0.0720494         	1.1150164057e+05
0.0721138         	1.1139150481e+05
0.0721781         	1.1127595759e+05
0.0722425         	1.1115446668e+05
0.0723069         	1.1102708615e+05
0.0723713         	1.1089471394e+05
0.0724356         	1.1075667714e+05
0.0725            	1.1061356892e+05
0.0725556         	1.1048671617e+05
0.0726099         	1.1035945218e+05
0.0726642         	1.1022878587e+05
0.0727173         	1.1009785587e+05
0.0727704         	1.0996353538e+05
0.0728222         	1.0982891483e+05
0.0728741         	1.0969108774e+05
0.0729247         	1.0955356160e+05
0.0729753         	1.0941347913e+05
0.0730247         	1.0927432056e+05
0.0730741         	1.0913284985e+05
0.0731235         	1.0898908732e+05
0.0731716         	1.0884780953e+05
0.0732197         	1.0870510102e+05
0.0732665         	1.0856407749e+05
0.0733134         	1.0842098066e+05
0.0733602         	1.0827606443e+05
0.0734071         	1.0812950283e+05
0.0734526         	1.0798575420e+05
0.0734981         	1.0784002821e+05
0.0735436         	1.0769235226e+05
0.0735891         	1.0754353521e+05
0.0736332         	1.0739807633e+05
0.0736773         	1.0725156269e+05
0.0737214         	1.0710389946e+05
0.0737655         	1.0695479164e+05
0.0738096         	1.0680437979e+05
0.0738537         	1.0665293808e+05
0.0738978         	1.0650042896e+05
0.0739419         	1.0634721347e+05
0.0739842         	1.0619948849e+05
0.0740265         	1.0605143246e+05
0.0740688         	1.0590295949e+05
0.0741112         	1.0575404333e+05
0.0741535         	1.0560452658e+05
0.0741958         	1.0545441239e+05
0.0742381         	1.0530338693e+05
0.0742805         	1.0515181994e+05
0.0743228         	1.0499992586e+05
0.0743651         	1.0484761930e+05
0.0744074         	1.0469460400e+05
0.0744498         	1.0454132228e+05
0.0744921         	1.0438799735e+05
0.0745344         	1.0423435109e+05
0.0745767         	1.0408032881e+05
0.0746191         	1.0392661852e+05
0.0746614         	1.0377292740e+05
0.0747037         	1.0361929293e+05
0.074746          	1.0346562774e+05
0.0747884         	1.0331151232e+05
0.0748307         	1.0315702724e+05
0.074873          	1.0300292623e+05
0.0749153         	1.0284893145e+05
0.0749577         	1.0269527098e+05
0.075             	1.0254205698e+05
0.0750424         	1.0238889671e+05
0.0750847         	1.0223589651e+05
0.0751271         	1.0208343208e+05
0.0751695         	1.0193114423e+05
0.0752119         	1.0177931857e+05
0.0752542         	1.0162756490e+05
0.0752966         	1.0147631837e+05
0.075339          	1.0132575287e+05
0.0753814         	1.0117585579e+05
0.0754246         	1.0102381804e+05
0.0754678         	1.0087231153e+05
0.0755111         	1.0072153168e+05
0.0755543         	1.0057107168e+05
0.0755975         	1.0042065096e+05
0.0756408         	1.0027054354e+05
0.075684          	1.0012116025e+05
0.0757273         	9.9973042317e+04
0.0757705         	9.9825463126e+04
0.0758137         	9.9678801975e+04
0.0758581         	9.9529389422e+04
0.0759025         	9.9380913410e+04
0.0759469         	9.9232802203e+04
0.0759912         	9.9084910287e+04
0.0760356         	9.8938438845e+04
0.07608           	9.8793268162e+04
0.0761244         	9.8649304923e+04
0.0761687         	9.8507161250e+04
0.0762131         	9.8365995647e+04
0.0762591         	9.8220733455e+04
0.076305          	9.8076079545e+04
0.076351          	9.7932100823e+04
0.076397          	9.7789505845e+04
0.0764429         	9.7648435353e+04
0.0764889         	9.7508720982e+04
0.076537          	9.7363716993e+04
0.0765852         	9.7220347179e+04
0.0766333         	9.7078730291e+04
0.0766815         	9.6938765030e+04
0.0767296         	9.6800557496e+04
0.0767778         	9.6663910396e+04
0.0768259         	9.6529001426e+04
0.0768778         	9.6386061869e+04
0.0769296         	9.6245103299e+04
0.0769815         	9.6106454593e+04
0.0770333         	9.5970720390e+04
0.0770852         	9.5837284256e+04
0.077137          	9.5705814778e+04
0.0771889         	9.5576086456e+04
0.0772407         	9.5448355401e+04
0.0772926         	9.5323099959e+04
0.0773444         	9.5200028299e+04
0.0773963         	9.5080215090e+04
0.0774481         	9.4963221663e+04
0.0775            	9.4848671182e+04
0.0775581         	9.4722541118e+04
0.0776177         	9.4596320253e+04
0.0776773         	9.4473413729e+04
0.0777384         	9.4350189028e+04
0.0777995         	9.4230278285e+04
0.0778624         	9.4110218000e+04
0.0779272         	9.3989619437e+04
0.0779919         	9.3872672899e+04
0.0780589         	9.3755636130e+04
0.0781258         	9.3643603726e+04
0.0781952         	9.3532107295e+04
0.0782674         	9.3421315144e+04
0.0783396         	9.3315669053e+04
0.0784151         	9.3210255171e+04
0.0784905         	9.3109908890e+04
0.07857           	9.3009230785e+04
0.0786494         	9.2913568501e+04
0.0787338         	9.2819190525e+04
0.0788183         	9.2733018624e+04
0.0789092         	9.2647559308e+04
0.0790001         	9.2569695106e+04
0.0791001         	9.2492999663e+04
0.0792            	9.2426482374e+04
0.0793            	9.2370221291e+04
0.0794167         	9.2319581464e+04
0.0795334         	9.2283067608e+04
0.07965           	9.2258991628e+04
0.0797667         	9.2247699248e+04
0.0798833         	9.2249088763e+04
0.08              	9.2264561177e+04
0.080125          	9.2298395846e+04
0.0802381         	9.2344490115e+04
0.0803409         	9.2396245649e+04
0.080439          	9.2454597563e+04
0.0805287         	9.2515047022e+04
0.0806144         	9.2579421636e+04
0.0806964         	9.2647872267e+04
0.0807715         	9.2716341419e+04
0.0808435         	9.2787039598e+04
0.0809125         	9.2859318758e+04
0.0809787         	9.2932780463e+04
0.0810421         	9.3007275731e+04
0.0811055         	9.3085515690e+04
0.0811661         	9.3163794610e+04
0.0812241         	9.3242235304e+04
0.0812796         	9.3320522355e+04
0.081335          	9.3402017527e+04
0.081388          	9.3482812205e+04
0.0814409         	9.3566397020e+04
0.0814914         	9.3648540840e+04
0.0815418         	9.3733117705e+04
0.0815897         	9.3815761018e+04
0.0816376         	9.3900709665e+04
0.0816855         	9.3988147177e+04
0.0817308         	9.4072728169e+04
0.081776          	9.4159541893e+04
0.0818213         	9.4248835327e+04
0.0818637         	9.4334484203e+04
0.0819061         	9.4421889794e+04
0.0819485         	9.4511156689e+04
0.081991          	9.4602377431e+04
0.0820334         	9.4695803215e+04
0.0820723         	9.4782828282e+04
0.0821112         	9.4871376441e+04
0.08215           	9.4961248225e+04
0.0821889         	9.5052481193e+04
0.0822278         	9.5145058863e+04
0.0822667         	9.5238878294e+04
0.0823056         	9.5333989871e+04
0.0823445         	9.5430426131e+04
0.0823833         	9.5527713168e+04
0.0824222         	9.5626190739e+04
0.0824611         	9.5725845877e+04
0.0825            	9.5826726055e+04
0.0825352         	9.5918800517e+04
0.0825699         	9.6009385735e+04
0.0826046         	9.6101451135e+04
0.0826389         	9.6192127522e+04
0.0826731         	9.6284445195e+04
0.0827068         	9.6375272604e+04
0.0827405         	9.6467639773e+04
0.0827738         	9.6558738310e+04
0.0828065         	9.6650157258e+04
0.0828388         	9.6740225482e+04
0.082871          	9.6831817896e+04
0.0829028         	9.6921804221e+04
0.0829341         	9.7010954546e+04
0.0829654         	9.7102173912e+04
0.0829962         	9.7192004837e+04
0.083027          	9.7283112450e+04
0.0830574         	9.7372475660e+04
0.0830877         	9.7461996943e+04
0.0831176         	9.7550474264e+04
0.083147          	9.7638084789e+04
0.0831765         	9.7726295030e+04
0.0832054         	9.7813716790e+04
0.0832343         	9.7901737002e+04
0.0832628         	9.7988683918e+04
0.0832913         	9.8075975349e+04
0.0833193         	9.8162149691e+04
0.0833473         	9.8248766616e+04
0.0833749         	9.8334339927e+04
0.0834024         	9.8420229854e+04
0.0834295         	9.8505053504e+04
0.0834566         	9.8590191008e+04
0.0834836         	9.8675671833e+04
0.0835102         	9.8760111605e+04
0.0835369         	9.8845102535e+04
0.083563          	9.8929004398e+04
0.0835891         	9.9013203560e+04
0.0836152         	9.9097639678e+04
0.0836409         	9.9180669987e+04
0.0836665         	9.9263954600e+04
0.0836922         	9.9347601228e+04
0.0837178         	9.9431479406e+04
0.0837429         	9.9514012317e+04
0.0837681         	9.9596611261e+04
0.0837932         	9.9679306001e+04
0.0838184         	9.9762199583e+04
0.083843          	9.9843597281e+04
0.0838676         	9.9925199165e+04
0.0838922         	1.0000692162e+05
0.0839168         	1.0008866992e+05
0.0839415         	1.0017040684e+05
0.0839661         	1.0025210540e+05
0.0839907         	1.0033382077e+05
0.0840153         	1.0041567181e+05
0.0840393         	1.0049551776e+05
0.0840633         	1.0057540598e+05
0.0840874         	1.0065533019e+05
0.0841114         	1.0073515764e+05
0.0841354         	1.0081489861e+05
0.0841594         	1.0089464099e+05
0.0841834         	1.0097461352e+05
0.0842074         	1.0105479987e+05
0.0842315         	1.0113515387e+05
0.0842555         	1.0121548775e+05
0.0842795         	1.0129578315e+05
0.0843035         	1.0137610182e+05
0.0843275         	1.0145648247e+05
0.0843515         	1.0153702451e+05
0.0843756         	1.0161762600e+05
0.0843996         	1.0169823024e+05
0.0844236         	1.0177871421e+05
0.0844476         	1.0185914661e+05
0.0844716         	1.0193955527e+05
0.0844956         	1.0201976078e+05
0.0845197         	1.0209984171e+05
0.0845437         	1.0217981248e+05
0.0845677         	1.0225976273e+05
0.0845917         	1.0233961070e+05
0.0846157         	1.0241957775e+05
0.0846397         	1.0249957290e+05
0.0846638         	1.0257947532e+05
0.0846878         	1.0265922451e+05
0.0847118         	1.0273886216e+05
0.0847358         	1.0281832966e+05
0.0847598         	1.0289773774e+05
0.0847838         	1.0297698860e+05
0.0848079         	1.0305607815e+05
0.0848319         	1.0313505392e+05
0.0848559         	1.0321404917e+05
0.0848799         	1.0329279179e+05
0.0849039         	1.0337143896e+05
0.0849279         	1.0345002095e+05
0.084952          	1.0352854004e+05
0.084976          	1.0360706113e+05
0.085             	1.0368548041e+05
0.0850236         	1.0376234593e+05
0.0850472         	1.0383908010e+05
0.085071          	1.0391630894e+05
0.0850948         	1.0399312466e+05
0.0851186         	1.0406958421e+05
0.0851424         	1.0414578253e+05
0.0851662         	1.0422173482e+05
0.0851901         	1.0429747498e+05
0.0852139         	1.0437309166e+05
0.0852377         	1.0444851476e+05
0.0852617         	1.0452483886e+05
0.0852858         	1.0460103559e+05
0.0853099         	1.0467678680e+05
0.0853339         	1.0475223304e+05
0.0853583         	1.0482814053e+05
0.0853826         	1.0490373142e+05
0.085407          	1.0497911454e+05
0.0854313         	1.0505419718e+05
0.0854559         	1.0512970668e+05
0.0854806         	1.0520488135e+05
0.0855052         	1.0527953349e+05
0.0855301         	1.0535468679e+05
0.0855551         	1.0542951843e+05
0.08558           	1.0550393954e+05
0.0856053         	1.0557896341e+05
0.0856305         	1.0565366931e+05
0.0856561         	1.0572915328e+05
0.0856817         	1.0580423583e+05
0.0857073         	1.0587885647e+05
0.0857333         	1.0595403490e+05
0.0857593         	1.0602853588e+05
0.0857857         	1.0610374820e+05
0.0858121         	1.0617848150e+05
0.0858388         	1.0625381660e+05
0.0858656         	1.0632865531e+05
0.0858929         	1.0640418330e+05
0.0859201         	1.0647911520e+05
0.0859474         	1.0655332139e+05
0.0859751         	1.0662833859e+05
0.0860028         	1.0670298442e+05
0.0860311         	1.0677825518e+05
0.0860593         	1.0685276937e+05
0.0860881         	1.0692787109e+05
0.0861169         	1.0700227007e+05
0.0861464         	1.0707780526e+05
0.0861758         	1.0715290358e+05
0.0862059         	1.0722912179e+05
0.086236          	1.0730458441e+05
0.0862668         	1.0738092239e+05
0.0862984         	1.0745809137e+05
0.08633           	1.0753406573e+05
0.0863625         	1.0761149457e+05
0.086395          	1.0768777351e+05
0.0864285         	1.0776521144e+05
0.086462          	1.0784118498e+05
0.0864966         	1.0791836708e+05
0.0865312         	1.0799422302e+05
0.0865671         	1.0807139447e+05
0.086603          	1.0814698562e+05
0.0866404         	1.0822419697e+05
0.0866777         	1.0829999796e+05
0.0867169         	1.0837762307e+05
0.086756          	1.0845322371e+05
0.0867974         	1.0853082819e+05
0.0868387         	1.0860587161e+05
0.0868828         	1.0868348319e+05
0.0869269         	1.0875899068e+05
0.0869746         	1.0883789819e+05
0.0870224         	1.0891494385e+05
0.0870702         	1.0899010535e+05
0.0871179         	1.0906193525e+05
0.0871725         	1.0914030987e+05
0.0872271         	1.0921435276e+05
0.0872817         	1.0928457549e+05
0.0873362         	1.0935064100e+05
0.0873908         	1.0941274755e+05
0.0874454         	1.0947099432e+05
0.0875            	1.0952536442e+05
0.0875595         	1.0957982568e+05
0.0876205         	1.0963059284e+05
0.0876832         	1.0967725316e+05
0.0877475         	1.0971929574e+05
0.0878138         	1.0975712522e+05
0.0878821         	1.0979092850e+05
0.0879527         	1.0981937905e+05
0.0880233         	1.0984128545e+05
0.0880965         	1.0985789608e+05
0.0881726         	1.0986866236e+05
0.0882521         	1.0987195813e+05
0.0883353         	1.0986607416e+05
0.0884185         	1.0985104041e+05
0.0885064         	1.0982533308e+05
0.0885998         	1.0978682793e+05
0.0886931         	1.0973808940e+05
0.0887936         	1.0967399630e+05
0.0888942         	1.0959752960e+05
0.0889863         	1.0951730964e+05
0.0890785         	1.0942722879e+05
0.0891706         	1.0932738965e+05
0.0892536         	1.0922948365e+05
0.0893365         	1.0912472061e+05
0.0894194         	1.0901283669e+05
0.0895024         	1.0889329555e+05
0.0895853         	1.0876797119e+05
0.0896682         	1.0863620296e+05
0.0897512         	1.0849838383e+05
0.0898341         	1.0835382097e+05
0.0899171         	1.0820296064e+05
0.09              	1.0804642809e+05
0.0900694         	1.0791073669e+05
0.0901389         	1.0776991190e+05
0.0902083         	1.0762458998e+05
0.0902757         	1.0748001778e+05
0.0903431         	1.0733245899e+05
0.0904085         	1.0718621037e+05
0.0904739         	1.0703740099e+05
0.0905392         	1.0688608037e+05
0.0906025         	1.0673734935e+05
0.0906657         	1.0658574500e+05
0.090729          	1.0643141355e+05
0.09079           	1.0628021963e+05
0.0908511         	1.0612723276e+05
0.0909122         	1.0597292308e+05
0.0909732         	1.0581694802e+05
0.091032          	1.0566540650e+05
0.0910907         	1.0551161533e+05
0.0911494         	1.0535631566e+05
0.0912081         	1.0519990174e+05
0.0912669         	1.0504270692e+05
0.0913229         	1.0489123552e+05
0.091379          	1.0473872405e+05
0.091435          	1.0458520225e+05
0.0914911         	1.0443084558e+05
0.0915471         	1.0427546693e+05
0.0916032         	1.0411834777e+05
0.0916592         	1.0396065340e+05
0.0917153         	1.0380206432e+05
0.0917713         	1.0364356920e+05
0.0918274         	1.0348505033e+05
0.0918834         	1.0332589584e+05
0.0919395         	1.0316629883e+05
0.0919955         	1.0300580187e+05
0.0920516         	1.0284526718e+05
0.0921076         	1.0268463230e+05
0.0921637         	1.0252330349e+05
0.0922197         	1.0236207285e+05
0.0922758         	1.0220123915e+05
0.0923318         	1.0204057789e+05
0.0923879         	1.0188007338e+05
0.0924439         	1.0171978809e+05
0.0925            	1.0155986568e+05
0.0925556         	1.0140140285e+05
0.0926111         	1.0124245815e+05
0.0926667         	1.0108376968e+05
0.0927222         	1.0092630958e+05
0.0927778         	1.0076973207e+05
0.0928333         	1.0061403459e+05
0.0928904         	1.0045538383e+05
0.0929474         	1.0029727969e+05
0.0930044         	1.0014003595e+05
0.0930614         	9.9983627622e+04
0.0931184         	9.9828329240e+04
0.0931754         	9.9674011706e+04
0.0932325         	9.9520648118e+04
0.0932914         	9.9363341373e+04
0.0933503         	9.9207724487e+04
0.0934092         	9.9053380689e+04
0.0934681         	9.8900219613e+04
0.093527          	9.8748392842e+04
0.093586          	9.8598212957e+04
0.0936474         	9.8443109485e+04
0.0937089         	9.8290102714e+04
0.0937704         	9.8139142290e+04
0.0938319         	9.7989848031e+04
0.0938934         	9.7841872802e+04
0.0939548         	9.7696466248e+04
0.0940202         	9.7544914018e+04
0.0940855         	9.7395592452e+04
0.0941508         	9.7248457480e+04
0.0942161         	9.7103535498e+04
0.0942815         	9.6961154390e+04
0.0943468         	9.6821134753e+04
0.0944121         	9.6684419466e+04
0.0944856         	9.6533900560e+04
0.0945591         	9.6387267137e+04
0.0946326         	9.6244533791e+04
0.094706          	9.6105984152e+04
0.0947795         	9.5969737399e+04
0.094853          	9.5836694525e+04
0.0949265         	9.5708228852e+04
0.095             	9.5583662323e+04
0.0950806         	9.5451596389e+04
0.0951641         	9.5320852124e+04
0.0952475         	9.5196484098e+04
0.0953341         	9.5071767392e+04
0.0954244         	9.4947082277e+04
0.0955146         	9.4828411168e+04
0.0956092         	9.4710516448e+04
0.0957087         	9.4594072981e+04
0.0958082         	9.4486604615e+04
0.0959139         	9.4380665789e+04
0.0960272         	9.4277285086e+04
0.0961405         	9.4183750172e+04
0.0962641         	9.4093160828e+04
0.0963877         	9.4014473200e+04
0.0965267         	9.3942289170e+04
0.0966658         	9.3886588664e+04
0.0968326         	9.3841613065e+04
0.0969995         	9.3820112924e+04
0.0971663         	9.3819560696e+04
0.0973332         	9.3839112924e+04
0.0975            	9.3878300051e+04
0.0976786         	9.3945823316e+04
0.0978444         	9.4031452994e+04
0.0979881         	9.4125143372e+04
0.0981222         	9.4227192486e+04
0.0982396         	9.4327204727e+04
0.0983496         	9.4428702677e+04
0.0984528         	9.4531524174e+04
0.0985495         	9.4634932032e+04
0.0986401         	9.4737631261e+04
0.0987251         	9.4838915527e+04
0.0988048         	9.4938593067e+04
0.0988795         	9.5036398024e+04
0.0989542         	9.5138441089e+04
0.0990239         	9.5237711467e+04
0.0990936         	9.5340154521e+04
0.0991584         	9.5437954588e+04
0.0992231         	9.5539412038e+04
0.0992829         	9.5635386997e+04
0.0993426         	9.5733396690e+04
0.0994024         	9.5833896838e+04
0.0994567         	9.5927129108e+04
0.0995111         	9.6022465223e+04
0.0995654         	9.6120620500e+04
0.0996197         	9.6221279376e+04
0.0996672         	9.6310791859e+04
0.0997148         	9.6402327414e+04
0.0997623         	9.6494963708e+04
0.0998099         	9.6588607002e+04
0.0998574         	9.6683648267e+04
0.0999049         	9.6779980527e+04
0.0999525         	9.6877376818e+04
0.1               	9.6976113605e+04
